0.0;15623250104237589503
25.0;10228340507304928033
0.0;12768078698048720393
55.55555555555556;12540708692388212197
9.090909090909092;12500643128842561501
10.0;15521775051211096799
44.44444444444444;16097670318310629773
23.076923076923077;18169088277668527867
40.0;9934387703361444749
44.44444444444444;17503768718381847313
20.0;14436620364564678799
27.272727272727273;11793839742939686587
12.5;15027790666886029363
18.181818181818183;14219971743746236483
10.0;13603884915825569611
18.181818181818183;12305466545088285241
9.090909090909092;14923083433790598743
25.0;16360101007332972541
9.090909090909092;15590250711860190659
16.666666666666668;14548222245469138553
16.666666666666668;12319501723182873199
18.181818181818183;17873991212448827317
9.090909090909092;10967025440805617803
27.272727272727273;12871596612495651293
33.333333333333336;10267143410142539269
23.076923076923077;17130889796532875039
45.45454545454545;17258455939200651529
0.0;12999596016055797943
36.36363636363637;15145946662785849083
10.0;11048082807021028597
20.0;13898215016301278407
15.384615384615385;13760630735192903927
25.0;15302529643689161417
27.272727272727273;10611769588621509127
18.181818181818183;15312990560240287571
50.0;9821903591696500723
16.666666666666668;16013747023416245659
9.090909090909092;13277145605949281401
14.285714285714286;15236937499023095491
16.666666666666668;10620335448947010113
9.090909090909092;10495976716303167701
60.0;12095214601477355599
10.0;15356263991001376231
10.0;16116807418836866947
0.0;11597937140277149303
25.0;12618131193423687829
25.0;17697699824623997831
36.36363636363637;18104345719006534891
30.76923076923077;12251746347172907833
12.5;16677599895888989479
9.090909090909092;10045213241931711923
30.0;11693409932776384933
0.0;11030382746570450353
40.0;10785396637750391177
16.666666666666668;18145898798069648477
27.272727272727273;11152783627851890653
8.333333333333334;12829273832646881809
36.36363636363637;12995892286461473611
20.0;17750498828307534911
0.0;9667835457778404821
27.272727272727273;17511797072198279509
45.45454545454545;14212025859932462071
0.0;10548534031151932493
11.11111111111111;16364381437533954511
0.0;10992905182529198171
10.0;15917115417568866199
0.0;9738122894390767543
30.0;14493034774136679151
12.5;15119275068348864299
16.666666666666668;15626442318529770731
10.0;10125522031469509921
25.0;14146067803104559697
0.0;9266439643380815341
11.11111111111111;17045699435686247219
37.5;9977543851297032149
27.272727272727273;9725714537693575067
0.0;9969527605859996353
10.0;17137694396445047357
20.0;13015243579486937189
0.0;15950722607452173763
45.45454545454545;11879222367863509481
50.0;16941457573383090859
45.45454545454545;13006261891538670809
0.0;13547261354667384739
8.333333333333334;14834742432549363323
0.0;15802082844943144769
16.666666666666668;11039452803363445457
30.0;18348382564096712927
50.0;15957205971267566359
18.181818181818183;15385776950487790237
63.63636363636363;11185886893771196183
0.0;13994294167539542147
0.0;17723678454741075101
45.45454545454545;10177579095392670931
18.181818181818183;12323710561483971313
0.0;18179698822303535081
0.0;16924402230086423131
0.0;11446056614632709761
22.22222222222222;10336545657187231973
11.11111111111111;12189250646088224909
8.333333333333334;16018224591890504453
11.11111111111111;12624332238893694841
18.181818181818183;17616861540522786449
8.333333333333334;11020424026977861623
0.0;16218975097993190723
9.090909090909092;11960967940883273707
18.181818181818183;12477381980545726961
0.0;9456055994182071299
18.181818181818183;13281390508312504531
30.0;14824299469183270873
0.0;14982693579321683953
11.11111111111111;11778894203149339933
11.11111111111111;9839395065922928057
55.55555555555556;13182381334012744829
27.272727272727273;10440098749461419351
12.5;10367326781603831489
33.333333333333336;15860943902595737147
9.090909090909092;14933402188313793001
40.0;16406138525323640549
30.0;12814211281138687621
9.090909090909092;14424810482817588229
9.090909090909092;14879235075878378321
9.090909090909092;16439526616111362331
20.0;16084942538896625893
10.0;11647078833797993231
20.0;9947409243159639733
44.44444444444444;16752468094953398263
33.333333333333336;12101347720141442977
20.0;13062934128831467953
0.0;18393778761656777321
27.272727272727273;10804858610853039991
0.0;15641828200828169213
58.333333333333336;10054460361721691849
12.5;9964918806948560509
8.333333333333334;18050343630442238743
18.181818181818183;11027091972355875263
40.0;15098961885232934231
40.0;15654482639374032131
16.666666666666668;18411132279980226019
9.090909090909092;10316123582836413289
33.333333333333336;17157190392591703451
30.0;9342540982274240563
11.11111111111111;17054119173278000641
16.666666666666668;16391455933515827741
44.44444444444444;9469788691027151579
10.0;15732423181188022871
10.0;14659338401345729249
33.333333333333336;13991398474331483657
22.22222222222222;10887602669381134817
36.36363636363637;15075556412814825223
27.272727272727273;15987717060334123691
9.090909090909092;15094531276601803129
0.0;10114146670110276751
36.36363636363637;9630795539694185221
0.0;16241424819670367137
0.0;17277966728965458701
25.0;16050127665256823563
16.666666666666668;14982732906342225407
40.0;16125910866547615673
0.0;17589041684625789899
0.0;9425963412750727573
10.0;17032800236321712421
30.0;10950674883187214723
28.571428571428573;15116949266990397097
0.0;13415915760375439873
63.63636363636363;17247671983180882693
40.0;12992219971434722999
50.0;17905115046043130201
9.090909090909092;9618354322317097129
45.45454545454545;15648090484469724161
0.0;15201953848008908503
10.0;16774466530020409681
0.0;12488670528224943653
9.090909090909092;13704375375967522133
27.272727272727273;16069776745398918853
16.666666666666668;16342802750264964277
18.181818181818183;17722597319672855563
8.333333333333334;15072507688488095693
12.5;17127222376996783423
30.0;12915197308500232541
18.181818181818183;15368820504917043583
11.11111111111111;10141868327662857479
54.54545454545455;10483825761799796947
38.46153846153846;16242351841750374133
9.090909090909092;16357596239637082291
16.666666666666668;14143770995911527613
0.0;17603946395171243491
36.36363636363637;10498621893203333399
25.0;18110858369288757071
62.5;12815222749769648161
18.181818181818183;14551706456584219193
25.0;9540909007305927217
10.0;11043703742284508357
12.5;17008487348926572479
23.076923076923077;14554676628577814237
40.0;13435780267426402693
25.0;17386263368285708201
25.0;11559812859458159377
58.333333333333336;15932009382276361663
11.11111111111111;17026564962793739069
45.45454545454545;14459167892007285817
11.11111111111111;13531288628956125221
54.54545454545455;17365696341173509877
9.090909090909092;10906358299760354149
18.181818181818183;13928891441619902639
70.0;12784505446729396283
0.0;15759916668161018141
33.333333333333336;10424486003577869897
45.45454545454545;17285620458930230467
55.55555555555556;17572281212845504303
11.11111111111111;14754432781494752779
40.0;10487256720319385927
0.0;16851982228227960283
0.0;9667936169501169293
45.45454545454545;16872279779454795511
23.076923076923077;14116043509341096767
20.0;16262134703194175693
30.0;9459210683084015801
50.0;10898925294231530221
8.333333333333334;13316446871486996177
30.0;9524947964945662309
0.0;14538207230753860279
20.0;16059812184898367741
50.0;17184887248476549593
18.181818181818183;15582076442520101357
0.0;11862823410729322567
18.181818181818183;9409577802545307787
45.45454545454545;12164585798165074811
12.5;18037498436999270627
18.181818181818183;9794781823288818773
36.36363636363637;12405296123906204501
0.0;12612674868639746183
22.22222222222222;10339863311942552819
0.0;16790801900368627111
11.11111111111111;14002259009814891637
0.0;16287959938332734777
18.181818181818183;16591309844608432757
16.666666666666668;14234102064600033313
9.090909090909092;13482098516258196263
0.0;13494569362304843929
18.181818181818183;14213721703679942329
22.22222222222222;10201397563909093351
30.0;12021665384477950603
0.0;16430257474443635803
27.272727272727273;14492902089682205923
0.0;15080998846124375477
0.0;16993381203019254281
9.090909090909092;12589684121076961579
16.666666666666668;12519688305150743621
36.36363636363637;13753058173569714067
30.0;10410374394456056623
45.45454545454545;14001454242015057197
0.0;12966933565481248357
25.0;13912185989615733299
0.0;11648660890290311353
18.181818181818183;10062832706610381757
38.46153846153846;14341167374735746637
7.6923076923076925;15391728679611343153
37.5;16682271924224633131
11.11111111111111;13615638575897171813
33.333333333333336;16703612243206963687
27.272727272727273;10148273517740955347
16.666666666666668;14386574333472662471
8.333333333333334;10551171398158035353
0.0;14553496316462138227
27.272727272727273;17404637875329133001
18.181818181818183;15475514403800632681
25.0;10858116521792641051
27.272727272727273;13197849398586471763
33.333333333333336;15709151459122369351
41.666666666666664;15091755159060878173
11.11111111111111;14211298855957520857
12.5;12850346757946262057
25.0;17550899205798942679
58.333333333333336;17495307989783361301
15.384615384615385;15221593966819822291
0.0;10145500474284288731
20.0;18284494588387591013
20.0;11949574839619034677
16.666666666666668;12880239429402855803
36.36363636363637;9820022460829073393
16.666666666666668;15937795325607260383
37.5;13996683197787631547
0.0;16546445611237728383
44.44444444444444;10750501622193503119
15.384615384615385;15880549241884736293
22.22222222222222;15551422430376363523
8.333333333333334;17136613701477122509
58.333333333333336;10761491339750343589
9.090909090909092;12448749981581812567
42.857142857142854;12672648737994046829
0.0;11263133060991873977
20.0;11969167581369360469
0.0;18323884373618915891
10.0;12491852557257109123
10.0;10619423180266532909
8.333333333333334;14093137975058238053
20.0;11678385929841337543
20.0;11795253750593183693
9.090909090909092;15000758597740656703
25.0;14190588348935053477
40.0;13096348222359409747
0.0;12901099600653950113
11.11111111111111;10649950404996272423
10.0;15633898277151976313
40.0;14278161389630152283
50.0;12575865505321357699
60.0;14542677826929735031
63.63636363636363;14217048897641899091
0.0;17325657394221605761
9.090909090909092;11501161555147971697
0.0;11549436496047859919
30.0;11864361441458345837
50.0;17794800114785325683
10.0;12685644179105150167
16.666666666666668;18360856161290206903
9.090909090909092;18131494850191944607
10.0;14150342692004540717
25.0;16044159362256294257
8.333333333333334;11255705096954630867
30.0;13743848185192254013
10.0;18184475352105680231
0.0;12004006379873348809
33.333333333333336;15426105706193865623
9.090909090909092;17739847253398396517
36.36363636363637;11450952107365972723
20.0;12318224254954934581
27.272727272727273;14299234276211863499
0.0;10421694553212346231
11.11111111111111;13627028819051730961
0.0;12702893128633035281
44.44444444444444;10387769712915260797
11.11111111111111;16223997594981992327
10.0;15974896476326305711
10.0;14265165497141578457
0.0;11465337457955001083
25.0;10199423783601151573
0.0;16353118386524488199
16.666666666666668;17548174203363952381
37.5;9707345202408361957
30.76923076923077;11000404210346525153
0.0;17081562975878614693
20.0;14830749737996143463
11.11111111111111;13099548990853551749
27.272727272727273;12933486236323299347
16.666666666666668;14032748048252230889
45.45454545454545;17065805674426672393
41.666666666666664;10866546248650412443
0.0;10037971467768387329
60.0;12309158608271017729
0.0;17207649142695165377
11.11111111111111;12498806069076073127
12.5;10045252384326986297
33.333333333333336;17724983653356982997
10.0;10329931321714160323
22.22222222222222;15033116147330606509
10.0;16290752658813216223
0.0;13026838067276505547
18.181818181818183;16808365075753600031
18.181818181818183;11868244605620060011
9.090909090909092;15157048481757920561
12.5;14364157841099605921
8.333333333333334;15727798151813376917
18.181818181818183;14338902797913432797
20.0;9995191671874428913
40.0;11758565087768733383
22.22222222222222;13584578500915539779
36.36363636363637;13146146650056389237
11.11111111111111;15179952981551359723
54.54545454545455;16434948735796535957
8.333333333333334;10166382422729293993
20.0;14146083285492240431
41.666666666666664;17094753446205999287
9.090909090909092;16491059971039925723
11.11111111111111;15746670647619159139
18.181818181818183;16564734008764209343
54.54545454545455;16394191318196483569
0.0;11125245177642916709
18.181818181818183;13680481695834816859
9.090909090909092;9597324165533427601
41.666666666666664;12613969705529942023
0.0;17887815304799803423
18.181818181818183;10545146965576244513
28.571428571428573;12281877842058739331
0.0;14749418756592548737
14.285714285714286;13590409097387399939
0.0;9478304251649446921
8.333333333333334;18202361800938293483
16.666666666666668;13870404474191660413
0.0;17883207858482060921
45.45454545454545;14600637850531003181
16.666666666666668;16630648210114537589
18.181818181818183;16886815252009728659
0.0;9948629237090681479
0.0;11686194210147216593
50.0;18162325677490657757
0.0;14266315690422776261
18.181818181818183;15142748370532734323
18.181818181818183;11724287570057533637
0.0;9344684995122246701
8.333333333333334;11128561166648526851
10.0;11085144591034296577
0.0;16083816307027914769
8.333333333333334;10467678933205052813
12.5;13918223068475375977
20.0;17871163114809671549
20.0;16933930710794916941
0.0;12208928807579708593
20.0;14878359155366945759
66.66666666666667;13602931952251785089
9.090909090909092;12406187103319712303
60.0;17383084173488905637
10.0;14151296460654009023
40.0;14430272710082278433
27.272727272727273;11621917613473853771
9.090909090909092;16486399852836975869
0.0;17963954715566761721
42.857142857142854;9572816382054015581
0.0;16410387217980499651
41.666666666666664;9547369851557505637
36.36363636363637;9523787654626759037
37.5;14198856595392656051
20.0;15627864202796180183
18.181818181818183;10153001985912840541
11.11111111111111;17935818036196567153
44.44444444444444;13522431037510656683
18.181818181818183;10984079166038018017
20.0;14154140397207977921
18.181818181818183;13110434135186075993
16.666666666666668;12614532041935173733
0.0;11025044314308170603
30.76923076923077;9795053838958203281
40.0;10898448327102047521
25.0;16939772575471138901
10.0;16567897671802995107
42.857142857142854;9740825195811533387
8.333333333333334;16326405650796254789
33.333333333333336;10480258287345879971
9.090909090909092;17742165024469749911
0.0;14163162765572203037
0.0;11650669275420469751
90.0;15643166591081507869
22.22222222222222;11922658183830434893
12.5;11153031107249227451
8.333333333333334;13950325492799751617
7.6923076923076925;16833436809280391309
0.0;11140978967233701121
0.0;15078135176762136593
11.11111111111111;16591453874299173643
20.0;16327010811059160493
20.0;16143520400100201431
18.181818181818183;9839213987347896731
40.0;12674474430657262199
9.090909090909092;11724172228063777147
0.0;15374980563022997999
44.44444444444444;16189488420656839663
20.0;14715745065653407187
9.090909090909092;16825901338921509083
0.0;10278031915844222239
0.0;14195921835693546167
40.0;15390315190151030819
9.090909090909092;16905758825583434641
22.22222222222222;10365271428460433153
0.0;14857917933524032603
25.0;13842693443713507781
25.0;17460277015540917499
10.0;10904447374640925167
36.36363636363637;12639482352191277461
58.333333333333336;18200648792245126451
0.0;15901359437214176897
10.0;17730029124134241773
9.090909090909092;13406506150187834779
0.0;12629582716406714857
36.36363636363637;11645983886457704321
25.0;15831500165880757273
27.272727272727273;16279834082476231607
45.45454545454545;12220645160220142201
27.272727272727273;13533732355189052947
27.272727272727273;12240732950895917339
0.0;17324152366594326919
30.0;14330928541133900147
30.0;17118474497152562749
23.076923076923077;11974657975464783503
8.333333333333334;17899782768627486079
9.090909090909092;12392975343613196341
12.5;10878737634655821991
11.11111111111111;12959416971185341511
9.090909090909092;14904453770479300439
9.090909090909092;15094806739304218033
0.0;18243411601134006311
9.090909090909092;17669564996024872379
33.333333333333336;11039226680598445283
11.11111111111111;18199076767270198619
58.333333333333336;14130818034766719857
0.0;11783993531252173541
18.181818181818183;11530153494527577953
20.0;13829541563486129479
27.272727272727273;11633291601359685403
8.333333333333334;16957055768885823083
0.0;14972722937312737829
12.5;10819208052686033447
10.0;14029120398598810291
30.0;14751479825731245061
27.272727272727273;15160074327066548387
9.090909090909092;11528007865172814643
9.090909090909092;11912543118431173013
10.0;16098865270719161353
25.0;14477396717955283811
20.0;12612692379975140041
0.0;12934918448704123901
10.0;15120974989461729203
20.0;18062022664462943623
18.181818181818183;12149024275639542001
7.6923076923076925;12420937084537518167
14.285714285714286;12883273101107166281
11.11111111111111;10950705375091490681
10.0;11072072510724266549
10.0;14532302592133355927
18.181818181818183;10752903052134871699
18.181818181818183;10322526490573938701
0.0;10597347363494351729
10.0;17914041793349655853
9.090909090909092;13887065695410434819
16.666666666666668;13294353187256751781
10.0;18314013576229998421
10.0;10409619603689137981
18.181818181818183;14174442942760931251
33.333333333333336;16400278097031477263
57.142857142857146;13881048115516511597
0.0;13450058344791037051
50.0;12817789560696271901
18.181818181818183;17016863039168677043
15.384615384615385;10511492803296560099
9.090909090909092;15682557265754952791
11.11111111111111;18323461345605597187
70.0;16351418322552715057
41.666666666666664;13984670854866930307
50.0;14539362867709126873
8.333333333333334;13380150894484705129
18.181818181818183;18229557453972097543
30.0;13315925846227353677
33.333333333333336;14334316963511572171
0.0;11895135456043270727
0.0;12010575336294637871
22.22222222222222;16184056631924946799
18.181818181818183;12977358102314287021
20.0;17796957749371067737
10.0;18093440633209394413
0.0;14488194030391974481
10.0;15555510037809278813
55.55555555555556;11797885507881077827
16.666666666666668;9477370349312202691
16.666666666666668;14016869798415200317
18.181818181818183;9746801316532857047
25.0;9774381352199432153
20.0;9405830253150792551
9.090909090909092;11034296708320880219
9.090909090909092;15306595274962367459
10.0;11744702553964114297
0.0;16541233340557515911
0.0;9420840708169849771
0.0;10129862787140738029
30.0;16512740324480610143
0.0;15929611632429348209
11.11111111111111;11266933692521776133
16.666666666666668;13549690737627181187
0.0;12072153246204677827
36.36363636363637;12456803834133051401
66.66666666666667;14280621010122348797
10.0;15947004781385427749
0.0;10367589140311523713
30.0;18277140406439311091
22.22222222222222;13204490049782336479
30.0;12708805484014537463
11.11111111111111;16375560019914588887
9.090909090909092;10365604363959763031
75.0;14421949765196682017
33.333333333333336;12739334803496385061
36.36363636363637;17006280377379017713
0.0;11976201843052009499
0.0;14204699359581277849
27.272727272727273;13473173099910946979
0.0;9292779216334827637
10.0;16973955333020681543
36.36363636363637;14526755957149437097
33.333333333333336;10141877728745366419
23.076923076923077;16478834287793859493
10.0;12071335746917230853
0.0;18024687632576261389
10.0;13500644588949968287
11.11111111111111;14157763334646522821
30.0;16370441507543157247
28.571428571428573;12699784091381752531
18.181818181818183;10883662106798397923
20.0;18328072763035813781
10.0;16757606743840054951
20.0;12280243661587927073
18.181818181818183;17835328043913036581
11.11111111111111;14777497313819028553
11.11111111111111;14442082263546685651
22.22222222222222;12750697099120498031
28.571428571428573;11309960391335425009
45.45454545454545;15645503667338890291
40.0;10642330878006945707
9.090909090909092;9300433800029908859
20.0;11831998771161504499
50.0;13447969777143779029
10.0;9547207846434316307
42.857142857142854;15248186526202599841
50.0;11468651723048743133
18.181818181818183;14636757709360326913
36.36363636363637;16511889749532556801
25.0;15554917901908163953
18.181818181818183;15438393368133033149
50.0;13116009347512952693
0.0;10551897410599790143
0.0;12539808945016425643
25.0;10088709318395670377
25.0;15537619131344646893
20.0;15153187405417627051
54.54545454545455;12360649928680743821
16.666666666666668;13594153378178324137
11.11111111111111;14607097841885777003
18.181818181818183;9490112135736022603
9.090909090909092;14867111325229743403
58.333333333333336;17573124662841727117
18.181818181818183;15969478873707486977
0.0;11373746888316436159
36.36363636363637;12688480968612973213
41.666666666666664;17823585934245714719
0.0;16280476702534143739
22.22222222222222;10596802682513695853
23.076923076923077;16683635698493466679
41.666666666666664;17675209835425483559
10.0;14470087100199923021
20.0;11670972296733387221
22.22222222222222;17404007297654110013
0.0;15324801588717263399
45.45454545454545;10533238642101845777
16.666666666666668;16074259875113452391
0.0;16206997876389408373
0.0;11933847886187611621
0.0;13286604474665136959
18.181818181818183;14768467271144831957
0.0;17504453722043900593
18.181818181818183;14728779685525822681
18.181818181818183;9483856561627970531
66.66666666666667;17588135502129577237
10.0;15118692349636987081
27.272727272727273;17779927088933574443
9.090909090909092;17364590313536419937
18.181818181818183;15102824136830137951
10.0;15268599117398730193
66.66666666666667;15788668798134637387
27.272727272727273;16304918419220359319
72.72727272727273;17811228353001719203
16.666666666666668;14375936545214100247
16.666666666666668;13955226841034718103
10.0;15111371167703349829
33.333333333333336;10000804042105297247
0.0;16998628272788219077
25.0;12669405282507997399
37.5;12970230605157114673
18.181818181818183;9381679366883994109
30.0;18022705056287914553
0.0;10232954159294285879
0.0;9416866339687783723
30.0;9928378418435535379
41.666666666666664;11885118378352791337
16.666666666666668;12773844550780239151
25.0;10429364404789562327
0.0;15461671059288708739
11.11111111111111;10111149267934761889
0.0;14369744733175473353
25.0;15068795601307777141
20.0;12815943486609394427
20.0;15528720830431873861
0.0;17038157149959804371
50.0;18027900682761909389
12.5;15309224650555788553
0.0;17480270504227587817
11.11111111111111;10325695496511784297
18.181818181818183;12865687028521780553
55.55555555555556;14906410980336624989
40.0;11263603314933800731
22.22222222222222;9888032304160844159
11.11111111111111;17955544574518607153
66.66666666666667;10510120468196663999
16.666666666666668;13390040246409121279
18.181818181818183;12568992569550116629
22.22222222222222;14555041615644185737
18.181818181818183;17424748953663384691
8.333333333333334;16220307236746176271
10.0;13777005156204232937
36.36363636363637;16389145335434163557
41.666666666666664;17995692541398483557
10.0;18007380148995889921
9.090909090909092;13963119889159922821
9.090909090909092;12910406486707956407
50.0;9628413456631394021
30.76923076923077;17887675675218562027
46.15384615384615;12113397675345309989
16.666666666666668;11273496735357969719
0.0;10445295091883977217
45.45454545454545;10617753953721610733
7.6923076923076925;14002196194540648421
9.090909090909092;11824179387788382683
33.333333333333336;16006544558188354969
60.0;17180761565242169057
0.0;14798329877799317459
25.0;14369084991886924349
0.0;17521111226733288623
41.666666666666664;10037394326880326359
22.22222222222222;13513794845120799667
30.0;13658261652003543283
0.0;17734464153828560441
9.090909090909092;15275126897075895229
0.0;15443773164868966223
0.0;9402774173244275171
0.0;17268937563832513063
12.5;17755916532793418723
16.666666666666668;12259497626807467291
41.666666666666664;10215614807308785737
10.0;15197141677739819003
45.45454545454545;18175486806453943423
25.0;12092052568756289671
25.0;14936736103794042959
9.090909090909092;13358148942771547867
0.0;9400952652985632127
45.45454545454545;9409606118827776143
20.0;13248201101760224213
28.571428571428573;11873909181745192961
9.090909090909092;11132312517322367429
18.181818181818183;15873017507601240383
0.0;10595739806873913283
9.090909090909092;14213794406075073071
45.45454545454545;12967365224956930211
0.0;15174620264204371651
50.0;14472348204115148593
9.090909090909092;11338211942767080923
18.181818181818183;13686656666432136467
50.0;12687584643325373021
10.0;11200331873150749649
0.0;10171506964646485229
37.5;13713477311836103341
41.666666666666664;15561763106603273207
10.0;18217700892246279233
41.666666666666664;17853973922983333301
9.090909090909092;14699087512176223573
15.384615384615385;13622638026895381931
0.0;12565720187156393027
16.666666666666668;10318497157263351227
11.11111111111111;12170298746991192013
0.0;17215534443865876409
0.0;11136908582285152063
9.090909090909092;11455160538715496831
27.272727272727273;13035332028606808727
37.5;9281837605662370069
20.0;10687344606480866201
0.0;11935589789242402979
0.0;16271148656328752801
25.0;11184749877552651769
44.44444444444444;16007335426946433233
36.36363636363637;9755437406712744947
42.857142857142854;16025796928835510129
0.0;10688108529235615657
50.0;18302374154819146159
18.181818181818183;17792476972959659909
33.333333333333336;11306906688207397177
10.0;13737783601287441659
20.0;12463721245592445181
25.0;12575490748390567259
33.333333333333336;11647893136420465231
40.0;16521608130105886723
0.0;17921593458331754099
18.181818181818183;16796433365802225241
45.45454545454545;18223448782291974161
16.666666666666668;17607069849278812151
11.11111111111111;17923419985330562743
11.11111111111111;16521953116588013981
18.181818181818183;13204152792187108273
18.181818181818183;17160088794526545701
50.0;14394143302787597837
27.272727272727273;10286278853698236313
45.45454545454545;15621672466954754071
10.0;10733264891298067331
12.5;13538197418508196391
30.0;14259983082609389683
27.272727272727273;15118227633045797527
0.0;10957250941272020557
11.11111111111111;13316393048255701589
22.22222222222222;10376927639255893841
20.0;14446436507691102169
0.0;17906893206509080393
10.0;15359528129178393943
45.45454545454545;15969708650016227273
25.0;17744836897122122833
16.666666666666668;14040506710057315177
33.333333333333336;18375047423572276301
18.181818181818183;9986618038444496087
0.0;10510841933576266619
45.45454545454545;13278914196234567719
0.0;17447916984635935373
60.0;11697560551824584737
9.090909090909092;17071154312416287397
9.090909090909092;12358559325372103583
33.333333333333336;17596152845946731669
10.0;15201945458859296947
20.0;12783049730021306291
0.0;9584519629223060231
9.090909090909092;9667122256534791089
50.0;16369370770982785819
25.0;10223759301580409219
37.5;17310697282147132219
45.45454545454545;9441557534874412531
27.272727272727273;15701494840948962809
0.0;15207583107991683803
20.0;16289296013024524123
0.0;13159991366697832781
0.0;11799012513257330357
20.0;11410234094520981257
9.090909090909092;16278162376802202059
0.0;16526663892575288183
62.5;15521326608135152957
10.0;13082656079957194543
40.0;16639465829157718493
40.0;16665220171130982007
18.181818181818183;14482166571548108417
8.333333333333334;12025554267575490517
16.666666666666668;17835410052980553037
44.44444444444444;11610979251171286949
8.333333333333334;14429832681409449191
63.63636363636363;17833755810661063619
45.45454545454545;14606283227441058011
25.0;13542256828472267333
20.0;16292037223184232277
42.857142857142854;9440683890532948741
11.11111111111111;14150952279895466551
58.333333333333336;17542398425697298129
30.0;12049891887331262891
27.272727272727273;18408921198464801267
30.0;13852684776433976023
25.0;17154693643473923387
62.5;14835173437971626603
27.272727272727273;9436323271542582487
41.666666666666664;14027285474436362483
8.333333333333334;14620927441173410741
10.0;11088742748555179217
8.333333333333334;14450993643685307047
18.181818181818183;10336078063798691417
38.46153846153846;11051363354595225001
18.181818181818183;13114315533294910573
0.0;13135902232381126699
25.0;15923603058091726163
18.181818181818183;9776003093012954951
20.0;10360159977158966857
9.090909090909092;12063521252375917999
70.0;16701687624835699501
50.0;11544860844582038927
0.0;12526729256685679331
30.0;14082015887026720583
20.0;10779514414717826381
8.333333333333334;13028405398477342603
40.0;12475804174867550243
41.666666666666664;9288673724600694887
10.0;10668780489688842187
33.333333333333336;13771572095703593603
20.0;15340435996887131929
27.272727272727273;11814068165162618951
0.0;16687561326975384113
63.63636363636363;12747906393137499083
27.272727272727273;16826188753599433567
9.090909090909092;12563662137871624931
10.0;10871297133175272071
16.666666666666668;16276831259065205453
0.0;16123765729190283211
8.333333333333334;9751818560068091629
0.0;9817277628612477383
0.0;11788435787609041843
33.333333333333336;14939010398508736139
8.333333333333334;14455279692215594347
28.571428571428573;15012737133993607793
0.0;13487832168395054573
9.090909090909092;16131186123037602209
10.0;12852793344153978269
22.22222222222222;16614106202003069311
18.181818181818183;15559839303733541881
27.272727272727273;14762636681706751153
25.0;11644364414505813467
9.090909090909092;12637609473704959151
45.45454545454545;15137168959066098089
7.142857142857143;9373638939903603227
40.0;18111036366513484139
45.45454545454545;15064547449517250691
10.0;9924389387974640437
10.0;17299031321880715621
25.0;14746419596640750847
45.45454545454545;13286228844089186339
66.66666666666667;15999167007119754277
27.272727272727273;15274232828678448809
18.181818181818183;14346216281305595873
9.090909090909092;16185402945945549593
0.0;9970657287532914811
0.0;18112439771999166749
0.0;16359939756383906927
27.272727272727273;17135312171772504181
22.22222222222222;14240943290177228761
8.333333333333334;17896954965090257687
16.666666666666668;14689678391546971987
20.0;17538940637106542393
0.0;9929400273375555877
36.36363636363637;13305577188809833127
33.333333333333336;18160778197023221393
9.090909090909092;14435980437044038591
11.11111111111111;16249909727092078663
30.0;13789265187252781817
7.6923076923076925;15912777414469270873
0.0;12497792545228327889
14.285714285714286;18089877394554376793
10.0;13990323417689297773
0.0;12181965265419866699
0.0;16836127818721343519
0.0;13868710592268825919
40.0;11348076129146000707
30.0;17355143636768659327
10.0;18161266770568548709
10.0;16162279013594689561
8.333333333333334;13869823724884921999
0.0;9805307920655608549
20.0;12093688868796499753
45.45454545454545;13208174525015072683
7.6923076923076925;16060259901434257417
45.45454545454545;11212917217610659897
18.181818181818183;15150061882575642109
50.0;11013231179506485857
70.0;17967227423261380021
0.0;17481925370509281863
8.333333333333334;9325420418264769443
30.0;12845757615277905259
18.181818181818183;9787839139740178553
20.0;13155942220867646653
10.0;17663337942121299697
9.090909090909092;16585339224772404557
25.0;12735646685607241951
11.11111111111111;18434329565944481197
18.181818181818183;17505355124552837471
0.0;11034538505829649973
44.44444444444444;12699242981685022517
41.666666666666664;14554984755420075511
76.92307692307692;14647036512862638977
18.181818181818183;14491532837867239643
40.0;14612123830051931411
0.0;9735041218677382217
0.0;18089971438337428867
18.181818181818183;13523029651904635591
9.090909090909092;12201150756162398699
25.0;13970121492582304109
27.272727272727273;13845816686781642301
41.666666666666664;15851036111017806229
40.0;13609559167868697317
45.45454545454545;16946183446003736569
0.0;16685423288529105443
0.0;12082586125141814221
11.11111111111111;17915539880203769719
0.0;10986667526937223447
10.0;9817233674503407041
40.0;13411448398932199669
30.0;12796791363297540353
35.714285714285715;16364532666511173427
0.0;10017419487746380243
9.090909090909092;11845352716626943529
18.181818181818183;11707292137019656711
25.0;14054861388417477731
20.0;17921419204687233449
9.090909090909092;10593714335295530143
9.090909090909092;13097565746690666963
0.0;9411851149014208379
36.36363636363637;16371369375792449609
23.076923076923077;13988416095497932601
23.076923076923077;11058547736383671131
9.090909090909092;11061225189438693439
72.72727272727273;14486223811957585253
9.090909090909092;12315792849671478257
8.333333333333334;16255733578820661377
40.0;16684548691640587049
11.11111111111111;10791662679356591107
37.5;9259192880447040313
9.090909090909092;12254779469412994753
27.272727272727273;14299884412655717389
77.77777777777777;12390162906688047961
0.0;12781773667748320801
9.090909090909092;12632955344165563843
11.11111111111111;11145698361251491393
33.333333333333336;15391002450447180637
25.0;18097875629874356501
27.272727272727273;12138388612817091769
22.22222222222222;10543918877789148043
9.090909090909092;18243829227756732913
11.11111111111111;12181732385716309639
0.0;15211109376067344503
58.333333333333336;12832511962104296029
18.181818181818183;16110423754941771317
10.0;15338338915204715089
0.0;16414256105507735719
30.0;18430764629253653723
18.181818181818183;17349591183743761997
88.88888888888889;16650294222608930833
8.333333333333334;13956688964984249083
9.090909090909092;9478641135915648563
11.11111111111111;11112574883715016739
11.11111111111111;12658709818489780943
0.0;14902627889871327071
18.181818181818183;17033007733615393043
27.272727272727273;13194176027230444039
0.0;11501700706477301473
33.333333333333336;14428645176518093483
40.0;12817174705209993623
11.11111111111111;14096775311345896777
45.45454545454545;17293683061231288529
46.15384615384615;9230664038070165667
8.333333333333334;17826361557949785629
10.0;9398571136850787233
12.5;14886105884585588831
20.0;9936168264035216377
0.0;16217743375902124601
11.11111111111111;12183299149323507349
18.181818181818183;16283393072115270119
18.181818181818183;17487278076428329243
11.11111111111111;9380885847759126203
0.0;12833971198182032233
33.333333333333336;18184343965567598459
25.0;12864188195720444813
58.333333333333336;10111271037845550611
0.0;14768371814841440053
0.0;16985359446487948093
15.384615384615385;17925987487907808671
0.0;15348378303817236071
10.0;11314367594149928939
0.0;10739736504392635171
18.181818181818183;9264477121675055417
55.55555555555556;13711799280463275113
11.11111111111111;10562510281767816479
27.272727272727273;18395272752219676673
0.0;16765520658233700359
50.0;13634859809855018909
10.0;13630952075194684459
16.666666666666668;15772032588029079959
62.5;17534528082696838019
75.0;9332226827730704039
12.5;11241740630522385341
0.0;18092545328660717983
0.0;15487122396779345047
0.0;11544830238844621529
54.54545454545455;16033812936155912633
45.45454545454545;13892701462770438079
27.272727272727273;11387146071587862937
18.181818181818183;10403803762839655249
16.666666666666668;12765405314138752271
27.272727272727273;10806405299447514017
18.181818181818183;10488011775051432917
0.0;15142293326482598429
22.22222222222222;17968794274737861563
0.0;9682106446237289413
9.090909090909092;14449472708269447451
9.090909090909092;15620574160844901509
9.090909090909092;14427141175934187907
11.11111111111111;12856778086741315211
28.571428571428573;15779742194201368777
0.0;9932617232021470271
27.272727272727273;10199240159631921059
18.181818181818183;12241873400672291861
25.0;10239180723795574367
0.0;15014157498471754109
0.0;12561479965594695689
9.090909090909092;17418571881900392869
9.090909090909092;13912890724357179719
0.0;12352292102527517653
0.0;16939172396392036249
0.0;15172836406494078947
30.0;18027489483725731039
30.0;14050891421424127889
70.0;9514770366321809143
40.0;13412082574541799059
30.0;9357996025230483289
40.0;15227520318165768259
20.0;11284889480001520247
25.0;11088124108076658767
16.666666666666668;11534975837148109961
14.285714285714286;11103832107266017283
36.36363636363637;14441902871278977923
9.090909090909092;16703696362177661959
16.666666666666668;11051507873930487823
9.090909090909092;12895687919754696193
25.0;11528688985216732201
8.333333333333334;15797358602319539173
18.181818181818183;18139258523303794517
25.0;11070555107050577609
12.5;10520088635800819993
50.0;12779959842449400187
30.0;13663150799043851773
30.0;11286126066681857509
10.0;13966717412358681739
0.0;18349377545307705613
36.36363636363637;16912050778333139551
18.181818181818183;17974935597663771253
33.333333333333336;17260427861772152699
33.333333333333336;16655520787088641097
25.0;15410954667782073451
25.0;18109694174500899521
25.0;17702115628561671817
33.333333333333336;12233785687368484471
41.666666666666664;16261446750977987513
16.666666666666668;15749383398811889221
18.181818181818183;16321572175495801757
41.666666666666664;17772703216899485969
0.0;11041868685682245293
25.0;15675057744437949719
0.0;11332271643340326839
8.333333333333334;9392296524089541371
16.666666666666668;16539532274867221307
20.0;14646519256862454407
30.0;10464661829724818501
30.0;10838764078225015399
10.0;12696679856587806503
0.0;11013311459509484183
9.090909090909092;14074500684106444501
0.0;13413862750202103953
15.384615384615385;17485877869892122657
25.0;10181591717140076729
33.333333333333336;17680442576626914523
33.333333333333336;16216149892167659659
16.666666666666668;10889189701371974737
18.181818181818183;17789251496139796807
0.0;13367418377713668179
50.0;14042193783120340039
16.666666666666668;16030933275682510327
30.0;16643930697877071569
20.0;13811417450168449931
0.0;12773408117233319341
28.571428571428573;15331006038431787553
0.0;11911808627984473519
0.0;15788716685309329337
40.0;15582289681691432927
0.0;13678461022764138269
40.0;15383568281948157437
20.0;16360185195599415211
0.0;16737249243361571657
45.45454545454545;13429685701665826309
9.090909090909092;12967664328322794067
7.6923076923076925;14554037140417396549
25.0;18359698402655393983
0.0;18434640136595328887
27.272727272727273;11119424466622948499
18.181818181818183;17155663833156808849
18.181818181818183;18069418112410034753
0.0;15672018586808413493
18.181818181818183;15535807349949138137
20.0;11218771474120540331
18.181818181818183;18355272166461942277
16.666666666666668;18431023301673071521
9.090909090909092;13953504166612354093
85.71428571428571;12638790218286341281
0.0;11880423713178921283
27.272727272727273;17401455377496819011
27.272727272727273;12320539655634769729
45.45454545454545;9486148124848834211
45.45454545454545;9456501677231118247
45.45454545454545;13734217370300033147
27.272727272727273;16118762258800676249
9.090909090909092;11006758972788766919
15.384615384615385;12503665489160491567
50.0;10691770862972624543
40.0;11593998558231322573
30.0;16223140964087184917
30.0;13897509094670084753
40.0;14437396047257144419
30.0;14077529497200958441
10.0;11625879093437372527
11.11111111111111;12045589731174986219
10.0;10967093815983334193
18.181818181818183;13555948440150593903
33.333333333333336;15298496518409987269
16.666666666666668;10141350010077649201
33.333333333333336;13503839165462308501
0.0;16499219022680437291
9.090909090909092;18396626962279087981
50.0;16759341685113096757
10.0;10321444067352608527
44.44444444444444;9501220520646264001
33.333333333333336;12053675522261864501
11.11111111111111;13419016928123369839
22.22222222222222;14448964458706839077
22.22222222222222;16980140148935209193
22.22222222222222;17355903072568750409
0.0;18314676933985310419
33.333333333333336;16507500782474150711
16.666666666666668;15592841013508096391
33.333333333333336;13868499630311749081
25.0;15568312241477629999
18.181818181818183;9653367679055204543
11.11111111111111;10019175836080015477
16.666666666666668;18420201431379856081
12.5;12148382513200765847
14.285714285714286;10175152589667593039
20.0;15455776977755833087
11.11111111111111;9826914509424914131
81.81818181818181;9347748665128598479
18.181818181818183;17233856557241137757
0.0;11053950940300195817
33.333333333333336;10181636325917655721
22.22222222222222;10667670495079792577
11.11111111111111;13720315751796395981
7.142857142857143;15211761888808167031
30.0;9438057254237707301
50.0;17493160539807024613
30.0;13892640342082575943
10.0;17972563803999418357
20.0;17484938993595214313
18.181818181818183;11832074534444344261
22.22222222222222;13801635873106220663
11.11111111111111;12751158706691333737
41.666666666666664;16226919868912793531
41.666666666666664;10713486101803862779
58.333333333333336;12059757856131096773
33.333333333333336;15177924132414937601
58.333333333333336;16076875608351920069
25.0;9434087555264647267
25.0;15206074132749917453
16.666666666666668;11602562419166123519
18.181818181818183;10072072652452771127
10.0;14751672575026901849
0.0;9809983203793975991
40.0;14668909687787621737
20.0;11873379342979816859
50.0;12144127830555739177
25.0;17807097517575333901
25.0;18080359847399211319
25.0;15757542194161536121
37.5;13309208266783065509
0.0;13082561644546087147
16.666666666666668;17163716683135706293
9.090909090909092;13144605108033891971
41.666666666666664;14713717717231381951
0.0;11897882211791436863
20.0;14945278200269352869
20.0;11095613700434452921
11.11111111111111;13463578404813426479
20.0;12854064799941770761
27.272727272727273;14158389703892331389
36.36363636363637;12031719601653628693
9.090909090909092;10244254840845270607
20.0;16364501528185574261
11.11111111111111;13765233951464298089
22.22222222222222;12634371774161088181
22.22222222222222;12056692244129012209
22.22222222222222;12954830648411923669
0.0;16869013133473025131
45.45454545454545;11922170566955962189
36.36363636363637;13712757043265352077
54.54545454545455;17559785326603468841
18.181818181818183;17894396220412029697
8.333333333333334;9913540113582585631
40.0;16777903347020105539
30.0;12650848821006589547
10.0;14180339436895422887
20.0;10493792432988601523
22.22222222222222;10075714328291463037
11.11111111111111;14299749620430879559
0.0;14672050537580319733
14.285714285714286;12249248154329065343
30.76923076923077;12840884727209394529
23.076923076923077;10162331194774152197
15.384615384615385;11958786132545881429
9.090909090909092;16762736556068064421
18.181818181818183;15302062676617350019
70.0;17802431141718018253
10.0;18350976144608432033
25.0;17359230109636480867
0.0;16655086006460840173
45.45454545454545;17943181250590219693
27.272727272727273;17794467054252859031
0.0;15005290184622508373
16.666666666666668;16531577208769389449
10.0;10244011099208104913
10.0;16614645637930304281
10.0;13145249663299057943
44.44444444444444;17638291736619618887
0.0;13892544533760985297
9.090909090909092;17893359889718202661
23.076923076923077;14029701084678941549
38.46153846153846;14440818132153856627
30.76923076923077;14571189118810223287
23.076923076923077;17154436041640792757
0.0;13645125260894766389
30.0;11188673732177150113
60.0;12454373039026599073
30.0;15583696356207469727
20.0;16460329603599863833
0.0;15537480209801638409
0.0;13275214243519946089
0.0;13715119865206316939
36.36363636363637;17113055123236074683
36.36363636363637;11634028625898692413
27.272727272727273;9590943878370776437
54.54545454545455;15933843683157687017
54.54545454545455;12484450139049679523
27.272727272727273;12726721950559745021
18.181818181818183;12340995103859333539
18.181818181818183;17689320963239914957
9.090909090909092;17179555943034671713
50.0;13164687995606227637
50.0;16908711726495765443
0.0;10395116358387980293
0.0;16862439929506637503
20.0;11492986968517967963
0.0;17023554537559578709
9.090909090909092;11763383291376884003
40.0;11828461559408616833
10.0;15772602928542399649
16.666666666666668;16987423550663103841
25.0;18079552499360220877
0.0;15907163436822893273
0.0;17734600566343653533
18.181818181818183;18083913228287715239
10.0;12192118986873565757
25.0;9989143346078899231
12.5;13131431374136335567
11.11111111111111;17603732252271202129
0.0;12286347287543723573
33.333333333333336;17792862889302311197
16.666666666666668;12825971895320991607
18.181818181818183;10991837532401017891
58.333333333333336;9366962700241443919
16.666666666666668;16693840807796845181
41.666666666666664;12969252370159838047
8.333333333333334;16817380100334039323
22.22222222222222;16976148061057101607
33.333333333333336;13682331624567343321
0.0;10708258419036586157
9.090909090909092;15309203308310307899
0.0;18291785779033252183
18.181818181818183;15746421461196123749
42.857142857142854;17118892248287322049
28.571428571428573;10347732161637448951
42.857142857142854;14701516161634271639
28.571428571428573;16414983551882415763
0.0;9264349059143210191
7.6923076923076925;17817640049425040389
9.090909090909092;16462466121084594437
27.272727272727273;9995595837266176741
27.272727272727273;11453572671190294157
18.181818181818183;11092438406001444787
33.333333333333336;17413390277209695883
22.22222222222222;12310282758794751971
20.0;15303695152836671821
16.666666666666668;13989493172225185843
0.0;9467700635958621521
10.0;11271315566997294451
25.0;14756464049855381761
8.333333333333334;17923367706984058427
18.181818181818183;15439706594882415221
50.0;10394348062142709061
30.0;10039583900262799121
10.0;16945838664794380963
0.0;12576161158459558921
16.666666666666668;16910639161646472031
9.090909090909092;12844229770493288599
33.333333333333336;14630672497279359889
16.666666666666668;16383558232771817887
33.333333333333336;17273342181791674337
33.333333333333336;9971981177338722067
16.666666666666668;9282580486915532477
22.22222222222222;14841710109740632763
44.44444444444444;9635401122717189143
0.0;9325341529014739421
50.0;13912497767644701637
10.0;13192819050761658103
20.0;11400339524899686377
18.181818181818183;13077843586002278957
9.090909090909092;18159121111405300601
25.0;16719038684963229941
25.0;16923345329926973261
0.0;13438161304434314351
9.090909090909092;14243065140919954411
20.0;18000161866034798767
16.666666666666668;11095858178735387521
50.0;11249817866663167007
12.5;11249708263073054729
20.0;12632571386849756261
10.0;12213724911321812111
8.333333333333334;14701365071119712759
14.285714285714286;11057157082086007901
20.0;10202864638895116723
16.666666666666668;10259515833675730199
27.272727272727273;12384060495585259237
27.272727272727273;11221559942958192539
36.36363636363637;16909661305288619057
18.181818181818183;16631607312114981313
0.0;17138664931761330833
27.272727272727273;14013309092066593087
0.0;10164426967287933019
50.0;16092796944457767497
25.0;15270502548172221851
0.0;10895341205812122811
9.090909090909092;13432941331663995829
33.333333333333336;10309233640733247349
22.22222222222222;9789389826131511697
11.11111111111111;9758507474367453827
45.45454545454545;16382074865707567799
9.090909090909092;15435851335600435373
0.0;13658808412753860799
8.333333333333334;14651637952534062593
50.0;10223027615564619209
25.0;10203997234621886987
25.0;13499011819683824009
62.5;13273767227091982097
75.0;16565281954538410493
25.0;15250869600065157263
8.333333333333334;11946377058438987517
7.6923076923076925;13332999968379456251
55.55555555555556;12416571980128641833
33.333333333333336;15467229741352532107
22.22222222222222;15330678741726420727
0.0;16411915824779037679
10.0;10968506029745396597
40.0;10518682721927459483
60.0;13054964446277222723
10.0;15677339193697514987
0.0;14231353386801180241
0.0;16061641430302781743
25.0;17764326562991344099
0.0;18061159755252875431
10.0;13126761573361742693
10.0;17915097213798106141
10.0;12356428359437007827
16.666666666666668;16570093208457563081
10.0;17556867397597089461
0.0;16809943302845908669
22.22222222222222;16299618108681761239
11.11111111111111;17397275184894004909
66.66666666666667;18313577359645754363
16.666666666666668;12713166849868444231
15.384615384615385;17768069594081057969
27.272727272727273;18258402413564631827
63.63636363636363;15265570468318375019
18.181818181818183;13927510914242805983
22.22222222222222;16128776726119371553
44.44444444444444;17844506632779918703
11.11111111111111;10112471934910393031
41.666666666666664;10050821596055057971
41.666666666666664;17689175551264067689
8.333333333333334;13777252410818933063
9.090909090909092;17731684778152693417
0.0;16264300515818853677
45.45454545454545;11556543037905827431
9.090909090909092;12439515909371358803
11.11111111111111;18272485223765840369
0.0;16748761554896639831
0.0;9696877441473188333
50.0;14511798026305748713
33.333333333333336;9671342815630879921
33.333333333333336;13888364133729419947
9.090909090909092;9233716453235718281
22.22222222222222;9601743551599885043
11.11111111111111;16209248314014655591
0.0;16933732953272563543
0.0;15357150285273467267
9.090909090909092;11017448110317124811
11.11111111111111;14190203961920284439
10.0;13300235504725864063
0.0;15490687349022940253
11.11111111111111;15241919257092786179
22.22222222222222;10353404091511749809
44.44444444444444;12557283497443700131
11.11111111111111;13543791295588981151
18.181818181818183;13870319381339702797
36.36363636363637;16788140382417512807
27.272727272727273;12091512144514862287
18.181818181818183;16419458171040707009
10.0;15009331534858149631
10.0;9907354486834899709
10.0;10895158766897663933
10.0;14389908239257193353
28.571428571428573;13604643750983165987
14.285714285714286;9854570960588185639
20.0;9562118568061720937
28.571428571428573;15647635507288613261
14.285714285714286;13568510242896184619
20.0;17287791795871475689
12.5;15765999009187858439
0.0;9479094872509189099
37.5;13198319928783808633
25.0;11488839361966296413
37.5;10457629536460966157
0.0;13140219385354745713
10.0;13475158108270882703
0.0;13792048800219142241
18.181818181818183;12223931480354161657
50.0;14115055445610952927
16.666666666666668;18168900352813960627
30.0;11668216580826523547
10.0;9673572077017881997
18.181818181818183;13007590604752070771
16.666666666666668;14170780366624109429
20.0;16752877057346635319
25.0;12938081201045026861
25.0;9755951459694056321
37.5;16293703653734018669
25.0;11187312366459865591
12.5;13557983595495112157
50.0;12983114842680509291
0.0;16538461664514594397
20.0;13437917027090931157
44.44444444444444;12549430690440916603
55.55555555555556;15589773368830804567
22.22222222222222;9991043437583688143
22.22222222222222;16203612153590052707
0.0;16439603647702716991
0.0;14070366064925924483
33.333333333333336;10762053914720579803
33.333333333333336;12390248687005667183
0.0;14503693360154472511
27.272727272727273;18338690967657651583
0.0;18314557822957620149
20.0;14899280361328167377
50.0;17603108136554718893
25.0;11095521267548226253
37.5;13932162878879083471
37.5;11071823643652152683
25.0;11823516777528537461
37.5;17418492050372519363
25.0;10432861581056497081
0.0;12826172966102143693
25.0;17401849316053813337
37.5;16883410575008507051
37.5;11825275853810997827
0.0;15465986120216913679
20.0;9608718731147088037
18.181818181818183;14237669400918880957
0.0;15863259012068126221
36.36363636363637;16046562474231225479
45.45454545454545;11541690982576965031
27.272727272727273;13276100691573891659
27.272727272727273;11164336121175108917
63.63636363636363;10503072650791900337
54.54545454545455;10300460608493341123
36.36363636363637;15303038631259697291
36.36363636363637;13840690113703876807
45.45454545454545;11501439529697249917
45.45454545454545;12895317921690804419
27.272727272727273;13857269189084831891
18.181818181818183;17441204966520045593
12.5;10961921654651542469
66.66666666666667;17605380527488974347
55.55555555555556;14645277525812658449
33.333333333333336;17786733163981357573
36.36363636363637;16900988305279968157
45.45454545454545;17034657595934763397
9.090909090909092;13220650430561813857
0.0;11733517869485983903
30.0;14669676697742967191
10.0;11468189935994394821
0.0;14424914673340978649
14.285714285714286;17028089175948499021
10.0;12626349851905706347
11.11111111111111;11679245663091725113
54.54545454545455;9321171927103710133
18.181818181818183;15511685930959958321
37.5;10128999682918659331
25.0;15119557960307763289
0.0;15701169323157815837
14.285714285714286;11994977398888289633
30.76923076923077;11949890720656549399
46.15384615384615;9489039499730810891
7.6923076923076925;10121043464773342991
8.333333333333334;10748112664955277991
54.54545454545455;18264932229410139389
9.090909090909092;16788805841015338589
50.0;13762967201766330407
50.0;18396072742825512341
36.36363636363637;15524139191781596513
27.272727272727273;10445730683878537163
18.181818181818183;11332296681659724971
16.666666666666668;14253696974045953793
10.0;17159914025689142849
16.666666666666668;9230183913868204081
9.090909090909092;12718698235211159861
9.090909090909092;16799975233494856009
0.0;15118134647648273929
30.0;9993564886352392951
40.0;13641361167157002871
20.0;10050302134631106409
9.090909090909092;12203436427398418667
30.0;9971842098930019991
50.0;9697068599771649871
40.0;12515219366302994791
30.0;10681164227498311433
20.0;14410894904438726713
9.090909090909092;17631755845515808133
20.0;10724935308094363441
45.45454545454545;18232872972773578957
45.45454545454545;10816014871162747751
18.181818181818183;15420685110458553061
11.11111111111111;12377049449678197987
18.181818181818183;12768206964312341309
10.0;9948977107821653807
22.22222222222222;13025877255853930901
0.0;16567939382305768351
27.272727272727273;12332853300267014219
36.36363636363637;14005081083169052287
0.0;14794921078188345719
60.0;16248884024437337983
10.0;16772946388375940117
33.333333333333336;16212574695399740597
0.0;15284427458697557483
50.0;9553660596897263831
30.0;14651760367424089673
20.0;16574283147470624123
27.272727272727273;14961038588209120843
0.0;13431553431686064347
45.45454545454545;9625089960974313571
36.36363636363637;12735584434764878891
0.0;13148370448044583729
45.45454545454545;14875514528040136301
0.0;13601774530621329121
18.181818181818183;16618161224111448007
10.0;11349358943532699107
16.666666666666668;10991449827232151171
27.272727272727273;17905349807206762841
18.181818181818183;11703254608451202803
22.22222222222222;14329852017026750327
22.22222222222222;17486546957236173437
0.0;9638001139145793677
25.0;9715551942136417213
33.333333333333336;12251763962592567409
16.666666666666668;13385072749242278699
9.090909090909092;13819523993909011597
33.333333333333336;10976844850484873779
33.333333333333336;17845646486699613467
11.11111111111111;14021535455443799291
0.0;15162007731070795211
27.272727272727273;18440860329585686429
9.090909090909092;15340256302485523939
22.22222222222222;9654783306719705831
0.0;15582115166584267397
36.36363636363637;13889105507020223569
9.090909090909092;16581246251539096453
50.0;9598460044588007539
33.333333333333336;11528743391484010933
8.333333333333334;18329936983824432677
45.45454545454545;17614823673177255971
18.181818181818183;18142990281833497057
0.0;16843803410108076307
50.0;14946918686465446537
0.0;11425159798790699513
44.44444444444444;16145312722589694577
33.333333333333336;14016360026543114413
0.0;12194213408618178493
8.333333333333334;10696454889477211529
30.0;11839812331180665577
20.0;15512971265863498547
70.0;16708132522155895921
20.0;15068651504337391417
20.0;10895166227741111621
20.0;16157202676893257153
10.0;11423787627231137069
44.44444444444444;15490915429226218043
11.11111111111111;13966088787427137521
9.090909090909092;15774116625447997991
63.63636363636363;11035032011727969503
9.090909090909092;17689774819715589317
22.22222222222222;9570553114922472667
22.22222222222222;11759697380602309913
0.0;12805811973936900053
0.0;15462948728361836761
10.0;16313373977229639539
28.571428571428573;9954982902429293371
0.0;14858510369707681991
0.0;13803770163346102787
0.0;11010869794328860019
30.0;16115591478591806497
20.0;17209505135439353137
0.0;14694354870408398743
25.0;15831114233718414461
16.666666666666668;9748486682549914219
11.11111111111111;15729585450935995283
12.5;17565232544476421677
18.181818181818183;16224727605113215319
40.0;10090019371317742177
40.0;14422441557985283101
30.0;18115020866283448319
10.0;12922132250449899877
0.0;16711166353122762221
27.272727272727273;14821140031562657461
18.181818181818183;12782664136770828857
0.0;14954618510115661567
30.0;11059528653359970191
40.0;12198444190703378953
0.0;14053812222451399891
11.11111111111111;9842381090248732243
8.333333333333334;15833073656630539069
0.0;12491442096398393797
0.0;11886326737758878263
75.0;10080036093268266331
0.0;15081853237575192157
18.181818181818183;15749067711861017929
0.0;11504737075227772381
8.333333333333334;17276951179995219877
20.0;14814753869899046341
50.0;15418128948820714399
8.333333333333334;12276180963324137281
0.0;10758022748174055191
25.0;13396173507239907649
8.333333333333334;15100246011025891631
10.0;16112156798942019119
10.0;12852601338920442311
30.76923076923077;15045753275091486019
23.076923076923077;17145438440731534651
30.76923076923077;17523797302847787929
23.076923076923077;12432587736134658467
38.46153846153846;15823392616339334251
23.076923076923077;16753681522635347009
23.076923076923077;15516018968599993741
15.384615384615385;11624449430276321621
0.0;17325988009800335353
30.0;17891169449353005089
20.0;12155203864096033061
20.0;16267179923677482343
33.333333333333336;13595545964920758607
41.666666666666664;9588124367416025947
41.666666666666664;14381260358416186927
41.666666666666664;18019544486306434663
16.666666666666668;10388718662447624623
20.0;18332407446676443193
72.72727272727273;12678545068347567359
27.272727272727273;11250248063517088753
45.45454545454545;9742457883609399983
9.090909090909092;10605821552683979093
14.285714285714286;13429892896933860673
10.0;12357581286415779437
9.090909090909092;15136359614640711731
20.0;13726124781837700651
16.666666666666668;12892042147724977723
8.333333333333334;10049692685805942173
70.0;17507576916581882551
70.0;10565031472551529769
30.0;17088726576223385099
30.0;10649667784718134453
0.0;16786360577301221903
30.0;10359286326917824729
40.0;9754016749063456291
30.0;12476398665788509759
20.0;11141855487243047207
12.5;16580402726305359209
10.0;16034430898175173769
0.0;10152967597064895893
9.090909090909092;12855101141346192529
20.0;10075317061087668413
70.0;16327657055019739691
20.0;13803140126186659373
0.0;10339995942521757053
30.0;10167360584725139353
0.0;16807390819726016941
22.22222222222222;13334281264295994451
22.22222222222222;16751850009786239317
11.11111111111111;17022176782172900809
9.090909090909092;16256536795934553571
9.090909090909092;17183387669696288503
54.54545454545455;17510154545463680593
18.181818181818183;13540374894435664459
10.0;12334622165413057189
33.333333333333336;13254335904900214277
8.333333333333334;13344714884469901763
0.0;13580293796911313881
0.0;12782358633484050211
20.0;14384986964152152743
0.0;17574430533588912199
27.272727272727273;9696440583059584687
54.54545454545455;13528122067961829323
9.090909090909092;12318251239989134173
16.666666666666668;12406601577720936269
50.0;17153095721021050447
60.0;9932751328163547971
40.0;18252530979471416713
20.0;10850895563577707551
30.0;12583375426810031693
60.0;11608420704067635881
0.0;17098061828228806937
27.272727272727273;10777580503975524607
18.181818181818183;12542613881414137453
0.0;13153572726623363549
7.6923076923076925;17061373271930116273
36.36363636363637;14220408294954011299
18.181818181818183;16554870406336976083
33.333333333333336;12290059297473444007
33.333333333333336;16514835145889005813
0.0;12750332458889742263
0.0;10624538990653289831
50.0;14940256169174783287
25.0;11879608847437947809
50.0;12910048803107622967
25.0;9578067609613711031
25.0;12992121110716524253
0.0;10071961215017602909
9.090909090909092;14236448253664450753
18.181818181818183;12670720335618745033
18.181818181818183;9689818251034508707
27.272727272727273;10665570619807152083
18.181818181818183;16411421199721095421
50.0;9743817008115234769
12.5;16411057901765804699
10.0;13602808082841886999
33.333333333333336;9809783053353053779
33.333333333333336;12875984760300006383
50.0;14170030653237859489
14.285714285714286;11775697948317033461
50.0;10499194423077614873
0.0;15877063926801074567
11.11111111111111;15178593714699517631
50.0;10811237345025072349
16.666666666666668;18396994550089224973
0.0;12911173300024418941
14.285714285714286;17448232452455886149
15.384615384615385;15793259742858569863
0.0;17953166648145548497
18.181818181818183;12463540898448597719
45.45454545454545;12738163709552684813
36.36363636363637;14943030004022213777
27.272727272727273;13007097565229751007
45.45454545454545;14155697834790626801
27.272727272727273;10677808840656072499
18.181818181818183;13822944459232901827
36.36363636363637;10398645926159362577
0.0;15050219515550977487
18.181818181818183;14563567994941828703
8.333333333333334;18307786616884507907
54.54545454545455;15864285371532996019
9.090909090909092;9484936224106462729
16.666666666666668;14886873446407237991
30.0;11557566897954240901
30.0;9486602820908046193
0.0;11134136644813012849
0.0;9225735320669653993
30.0;9575007842906926531
40.0;11129184625162159609
20.0;10265455970275059689
8.333333333333334;11882424970794281843
33.333333333333336;14921400470586959179
11.11111111111111;15371761883056546151
0.0;14279157379518759353
20.0;16524267508025053937
55.55555555555556;13855090094782373263
11.11111111111111;17164181885500059029
16.666666666666668;13062175380855731719
58.333333333333336;16930042492318925147
58.333333333333336;11412179600105879909
50.0;17559899612294388623
50.0;12281202626337424609
8.333333333333334;10300585377259708477
16.666666666666668;16567314134974862153
23.076923076923077;9934048573793342281
15.384615384615385;12252362620338408583
10.0;9454449577825766051
0.0;11081336533305633263
27.272727272727273;9720122020361566999
27.272727272727273;15975787825043843917
9.090909090909092;9351693009262551949
0.0;13281372969546082097
0.0;17649225257024544077
0.0;17655797193348801899
25.0;15867062184540621493
0.0;13501400268898024627
54.54545454545455;9512637440528904001
18.181818181818183;11185687622268532861
55.55555555555556;16229006573926188167
0.0;14865978808136696761
30.76923076923077;9335645468258310613
23.076923076923077;16253168389115107757
15.384615384615385;14467782669689187499
0.0;17504654796859883747
20.0;17646078559061209399
16.666666666666668;16527333412872676003
0.0;15441858954215700791
18.181818181818183;15974772475135960037
9.090909090909092;11938875439713478831
20.0;11448719121047960459
27.272727272727273;16020299561700737969
9.090909090909092;13933936708945699111
11.11111111111111;14162859732770977511
