27.272727272727273;10603416164844476959
25.0;12599618280732996367
63.63636363636363;10598302523214729671
20.0;14412783900458504107
33.333333333333336;12447147386887000057
16.666666666666668;17093188374095372333
30.0;11100620392160675797
36.36363636363637;18214327835024566699
9.090909090909092;10274133462004161643
10.0;16172804533242110381
50.0;14509430940079751839
20.0;10960179672104698667
27.272727272727273;14439683367480626207
0.0;9428835610184935543
63.63636363636363;11026548180566560591
20.0;10158825622225346137
10.0;12778092115163357221
25.0;17472240207640445783
40.0;15859812962890716227
45.45454545454545;18336956674298820011
30.0;14717691972948246911
50.0;17880308670545586667
60.0;12781200585511409539
18.181818181818183;14788241001162089233
0.0;14125382855114442563
16.666666666666668;14574898964959815997
20.0;12359654828527297541
12.5;12990974030599657457
0.0;10838509081715439013
41.666666666666664;12837488326946428141
18.181818181818183;16492623721108710479
18.181818181818183;15907227010938003029
16.666666666666668;16724187457150595987
70.0;13409656740480651857
41.666666666666664;13602933437947769173
11.11111111111111;17381624190809782481
27.272727272727273;17002362207708011473
0.0;10672862417910196661
20.0;11261013457527704293
0.0;14992475744106708427
16.666666666666668;18387802541570749459
72.72727272727273;18177016261499626241
15.384615384615385;17242715979598105937
16.666666666666668;11807627072168836567
10.0;13593670224676925443
0.0;14284733918753844457
12.5;11833334015047633811
0.0;15973157615347109791
0.0;17414479361305454843
9.090909090909092;17208401848143312407
10.0;16369872250574437031
27.272727272727273;9344987029060341739
37.5;12866385032478209723
80.0;10505773357659620773
8.333333333333334;16453710630093849323
16.666666666666668;15687801879135350449
8.333333333333334;17002336556704508071
44.44444444444444;14312961848603120627
33.333333333333336;11562742851318040747
63.63636363636363;13767382614967659103
33.333333333333336;12703357135692658027
0.0;17646658502018253151
25.0;11463807869002239271
33.333333333333336;17156764568981571341
70.0;18436035527088468257
36.36363636363637;9789196771250556977
8.333333333333334;14784677904515054023
40.0;11014080974213260459
36.36363636363637;16529137593965146663
0.0;10898898801592269211
9.090909090909092;11109657951788395397
8.333333333333334;16057830780672745747
11.11111111111111;18385605152665660079
30.0;12864040901415390343
0.0;12237969496658137937
16.666666666666668;12095448681107985283
30.0;14666790302581115981
30.0;11400648719521337531
8.333333333333334;17521374105302021453
20.0;18367679224676592953
12.5;17451364635489662561
27.272727272727273;16440853389635799199
44.44444444444444;11200602755042005973
22.22222222222222;12968342979333293621
44.44444444444444;12451922810302863331
36.36363636363637;13835675255855654599
7.6923076923076925;17460963468780496157
0.0;15066844084192479619
36.36363636363637;13336791635599142791
30.0;11669928648345568273
58.333333333333336;10702881563599084309
12.5;10345391734623591601
20.0;17272505072410458539
40.0;15320456568661352489
30.0;11339810991485012833
69.23076923076923;15555728566331791063
11.11111111111111;15344168438660537479
37.5;16282516161749033927
0.0;11062295347939454467
16.666666666666668;11815858777023623983
22.22222222222222;9340053376694392819
0.0;10299714030531410227
40.0;15252601388416714769
8.333333333333334;10982939173196904611
16.666666666666668;18242075121402076319
16.666666666666668;17235250958010442187
20.0;11674246712490187823
9.090909090909092;10534914884874015019
50.0;13671305007071449817
22.22222222222222;11917294917749568307
25.0;13874314246356200893
44.44444444444444;18029619164027160047
9.090909090909092;11963845296955677607
50.0;15592195398359666419
63.63636363636363;13275986188209387427
28.571428571428573;16316661991122260479
60.0;9338587226800417627
41.666666666666664;10831828969467650129
0.0;17922474542894461663
18.181818181818183;13418342576760207643
33.333333333333336;14766823403652586261
44.44444444444444;16637650874827902481
22.22222222222222;16880840422934713019
45.45454545454545;13525859316347881357
20.0;14435473197387024347
0.0;10839124536836308619
72.72727272727273;11529424668618361411
16.666666666666668;11448132019426384903
10.0;16755298397265091133
16.666666666666668;14714051844650158841
0.0;16550094368475473009
11.11111111111111;12177458869363470169
0.0;10225698653240576579
30.0;10339171131643082629
50.0;15045095437099637281
22.22222222222222;14538980581038713741
45.45454545454545;10260072418490370953
25.0;15695444649476790727
0.0;14024663776383095243
30.0;16771850910582118457
40.0;16555172223081191929
9.090909090909092;15090911644314457883
44.44444444444444;11266540003844436811
7.142857142857143;14947885734558226297
18.181818181818183;9479998533552665897
16.666666666666668;11739808208014016653
41.666666666666664;12991712981669182883
10.0;9604563553646936933
30.0;12301800922816151651
0.0;17313615349215139043
0.0;12995916741365017843
36.36363636363637;15715744606808648669
0.0;16428051075430311659
41.666666666666664;15161419640703384949
20.0;16386124262043426041
0.0;10917356281032068173
33.333333333333336;11361808945932157189
30.0;9646188517180222351
22.22222222222222;10803773727332784719
14.285714285714286;15486740271669208991
30.0;14754416513540206301
15.384615384615385;17917696967385541957
12.5;11794828898045194439
50.0;15318748885369587193
36.36363636363637;15570551311404058891
0.0;11529360933095504533
38.46153846153846;9515982834575345789
16.666666666666668;15730784122252154281
10.0;18315150713611490423
11.11111111111111;15015841073729833559
33.333333333333336;16090563011303021209
0.0;12420123813415674143
9.090909090909092;11882986690296989873
9.090909090909092;12687588090557533961
0.0;14565613323280720199
0.0;17792677929658506509
9.090909090909092;12982439548254323051
37.5;9439126651368693241
50.0;17282779391095115713
27.272727272727273;18274221855235371073
50.0;11657045193852435877
30.0;9798506416526180719
9.090909090909092;14190126263322415171
63.63636363636363;14819050465028629879
36.36363636363637;10582054022812211983
0.0;17428635071240027953
11.11111111111111;11997778019375341757
57.142857142857146;15731093613650322449
41.666666666666664;11798346188938110077
0.0;17897522365711219489
50.0;17718917278503942433
27.272727272727273;14376379177423171847
50.0;18035437079688382477
50.0;13312053784552065493
41.666666666666664;11052652943628426643
18.181818181818183;17095162128360736223
50.0;14690174078613516667
18.181818181818183;9766590201683637461
22.22222222222222;18183620717516471467
30.0;18419997285092059621
70.0;13463786129150390393
11.11111111111111;10445915000262609271
30.0;11064144204470456581
18.181818181818183;10453110588365565641
9.090909090909092;13858536218901025711
9.090909090909092;10945386466523714197
0.0;10785587033699091529
11.11111111111111;14053070999707157777
9.090909090909092;10771137922900006831
54.54545454545455;10996799187289391857
11.11111111111111;12390220177391648099
18.181818181818183;9950160701082842909
10.0;14801466138130808683
36.36363636363637;14854808135315194901
22.22222222222222;16820806205165201741
45.45454545454545;18232486991714233993
28.571428571428573;13111003375845796853
10.0;9810111555228898037
0.0;10093722315002035393
22.22222222222222;14519588390980228279
30.0;14143003594324987549
33.333333333333336;14135351156383839059
25.0;14050153437087426457
0.0;18206255774689539829
45.45454545454545;11517661329915637801
37.5;10621270666556254931
22.22222222222222;14165765990232044327
33.333333333333336;14402681996581886717
30.0;13553356164991678493
25.0;18233321916852403373
36.36363636363637;11576331523387839323
20.0;10836163101826471531
25.0;17159773706812420051
25.0;17412475709230051987
16.666666666666668;17296948319856838609
22.22222222222222;16559939824603720327
27.272727272727273;17756612264219434327
0.0;15795225155825085643
8.333333333333334;14606446278287781461
20.0;11349673225569301747
40.0;16400681473308342907
9.090909090909092;17233769738895302017
0.0;14724538194873446579
40.0;13363430553489035771
41.666666666666664;12259700895625252639
27.272727272727273;15274929290461967339
0.0;9907762918295129443
0.0;13416852194795648149
30.0;10013793409982030671
16.666666666666668;16172430724702624231
11.11111111111111;10283451685164475151
41.666666666666664;18295087152780234397
27.272727272727273;13187217582374604313
36.36363636363637;13364666371665306359
70.0;17916853636984476259
10.0;10013421430714889611
12.5;17259928682922091807
45.45454545454545;11475081046202726123
33.333333333333336;10162878253904281369
30.0;17471409043745844277
36.36363636363637;10547900298144895901
27.272727272727273;17369818758207503123
33.333333333333336;11957095038724181447
22.22222222222222;9279839908553333033
9.090909090909092;18119685634243056239
27.272727272727273;15249908647890605327
0.0;17892644870199767659
44.44444444444444;10556598120109031239
27.272727272727273;11345963117197155253
9.090909090909092;15966567958664138033
10.0;11170556739878182477
25.0;15540014147253232909
25.0;12509518278451262611
0.0;12194668448974833037
9.090909090909092;18248190935859370973
20.0;9812866929424417367
33.333333333333336;9612487104654396679
36.36363636363637;16103401690003066301
25.0;17204364666040545827
33.333333333333336;17881643666401794947
0.0;16100904365924120851
16.666666666666668;11870932737640291379
45.45454545454545;18311670958570210729
27.272727272727273;10421986042002634063
0.0;12468289378995050717
41.666666666666664;14768940155171015599
12.5;15601987290868144303
20.0;10179306114403324963
44.44444444444444;11467494253742277983
58.333333333333336;15253425444903205619
20.0;17655424862666625781
8.333333333333334;18295020874179766781
40.0;9913390097903834051
54.54545454545455;10790703476324110013
0.0;16012979306158691939
37.5;12602910481800916091
12.5;16185901185422129179
9.090909090909092;16668597623614573249
16.666666666666668;9229195487908840229
25.0;12651033395629894751
45.45454545454545;11413406224888037017
50.0;12247404650889906247
20.0;18222288480970886111
25.0;15447695798722957411
25.0;16724073675579130139
8.333333333333334;12135034841212738783
10.0;17058538033630631711
20.0;10376792522769845609
25.0;11133117177554866477
0.0;17846338378343539121
11.11111111111111;11895944020320841681
81.81818181818181;17246814372985596209
72.72727272727273;9407106126593929007
36.36363636363637;14489588095520764043
0.0;14929010941049016607
0.0;11892375014856781519
16.666666666666668;9782999268086617931
25.0;16617355759465264789
22.22222222222222;9551232926329905787
10.0;13006786478428981213
14.285714285714286;9477911716620255599
40.0;13820021233361734561
40.0;16536270768640184521
41.666666666666664;13721177509848303787
50.0;13319348654848235621
33.333333333333336;18317340536697895213
50.0;17522392721440133647
16.666666666666668;11403573505347557033
10.0;9507492372055521611
10.0;11609284899040507711
0.0;14184182270467569853
0.0;10902511414222469687
9.090909090909092;10604956593834739061
10.0;9734920355664233969
42.857142857142854;10640636014386554549
33.333333333333336;10727276634145841311
0.0;11844945340799533279
18.181818181818183;16980722878852206073
11.11111111111111;10720322628029601421
9.090909090909092;15795002973655505207
50.0;14387001967689137903
25.0;17542408296855182831
30.0;10441027981370584391
10.0;17119807841372435621
14.285714285714286;15729735172144953569
66.66666666666667;10319396471347869343
10.0;15157912536291123941
8.333333333333334;17150132465684988397
27.272727272727273;9864784911202779769
10.0;13450697757445139567
9.090909090909092;11753830281649181881
36.36363636363637;17669777485997761099
8.333333333333334;17864322887276460857
23.076923076923077;12940221551828412229
20.0;13736976588882671363
10.0;18259509842987504347
18.181818181818183;10270950460579392443
30.0;16973825090060868049
10.0;17034549923745337261
20.0;9327663511773314947
63.63636363636363;11018337083606442071
9.090909090909092;12049321110573278533
36.36363636363637;15357368298709118623
20.0;14556535192383556951
0.0;15971287899529335851
20.0;11253534608888933477
30.76923076923077;13616250478008980933
33.333333333333336;17099114683695074491
8.333333333333334;15274550413730956003
10.0;17249351890738739521
45.45454545454545;12052879266276663413
20.0;17247430757236653737
12.5;16692005620734299953
33.333333333333336;15563362574729825731
22.22222222222222;9387642244550743463
50.0;10150722243249918367
14.285714285714286;10141912149412216961
60.0;17352383356068996941
9.090909090909092;14954606943494706283
8.333333333333334;14912481341195662297
41.666666666666664;14041587054666955307
33.333333333333336;15756728754754188961
25.0;12825623764891925621
33.333333333333336;9315075391005394261
18.181818181818183;18251731570204482937
40.0;13040423566513201153
10.0;14823790670312877679
60.0;9576678358450868113
10.0;17102290111643286383
30.0;15961071805611244087
66.66666666666667;14639407598349970817
36.36363636363637;14989332101257556099
58.333333333333336;17276312910062934587
25.0;9687470287255036231
44.44444444444444;14769749259347428141
8.333333333333334;10491169335682707817
40.0;13650154676759055803
27.272727272727273;14439856649683903741
10.0;12062898678424896319
25.0;9379230210257176987
0.0;14216950798552272703
33.333333333333336;15237533295775871081
0.0;13280296475953862029
54.54545454545455;16932408308107683403
20.0;14373960879575786431
11.11111111111111;15587620227278953543
14.285714285714286;17662245042825059657
27.272727272727273;14217305182661140253
10.0;9605159291282039729
40.0;15250341301184912719
72.72727272727273;16431439330734763033
16.666666666666668;12287852646840538387
12.5;10063471230314641961
25.0;14017755067984038341
33.333333333333336;13288412571201344029
10.0;16168661742594489101
45.45454545454545;14993390245680256877
25.0;18205898707337948923
7.6923076923076925;13884133034767126123
9.090909090909092;16759064970274980523
40.0;13196922008261679559
18.181818181818183;17060899060421678867
25.0;12124259956162452251
12.5;16841176135686606001
44.44444444444444;10985035706706899987
50.0;18434992812921127297
40.0;9362256445691319971
54.54545454545455;18334862763931410397
10.0;13947884640709576873
9.090909090909092;11886479912466618187
27.272727272727273;9606170243475147247
40.0;11533506783403055119
30.0;11423485293160498279
0.0;13219981878458865131
22.22222222222222;17649003236843296853
45.45454545454545;15449617045959935749
9.090909090909092;12694299194171436617
33.333333333333336;10585932553612697209
45.45454545454545;11079421097633185837
11.11111111111111;10048879232366262991
11.11111111111111;16299561955089550073
14.285714285714286;10515897535519073381
10.0;16964400400340503181
36.36363636363637;10605548423968739149
11.11111111111111;10133929218914793223
25.0;17073887611318442651
60.0;18040946069187534863
11.11111111111111;17880732773262144509
41.666666666666664;14865802920563695117
10.0;11077223242294631189
9.090909090909092;11523730508925077171
12.5;11968782198769783729
30.0;13431641099450636749
14.285714285714286;18318169615112669383
36.36363636363637;12970583655881387527
36.36363636363637;18297183407706534673
23.076923076923077;16789695725342163839
25.0;17290876951635428047
18.181818181818183;18111085532850504253
37.5;11447739992254452431
8.333333333333334;13556584072535709187
18.181818181818183;10980757628751461767
25.0;17344473771509951317
0.0;12497504430377730997
33.333333333333336;14349987832716722149
16.666666666666668;17846810222754924371
27.272727272727273;11289402254081815807
36.36363636363637;16080268097018070409
12.5;13464171099783484019
90.0;14147406756052606577
0.0;15845175860807669371
50.0;15358557806537497753
0.0;12377992366658435611
18.181818181818183;14825155020266343287
30.0;9517878923859109277
18.181818181818183;15740517389699665051
44.44444444444444;14655560465157452507
20.0;15961900292491376957
38.46153846153846;14649435611529373639
40.0;15435464324500707103
0.0;14103270085157265139
0.0;17696360139118284427
7.6923076923076925;12399170340644840213
50.0;13316317755303818951
41.666666666666664;17132645967854778667
40.0;17785428273445490129
9.090909090909092;16514565011785009993
16.666666666666668;9816320423025575281
33.333333333333336;15094046150386855811
25.0;17023858161001689163
20.0;10724729681977927003
58.333333333333336;17392359540581488367
10.0;14329735054181605291
18.181818181818183;13932907302601982633
0.0;13685865618522274949
0.0;9579860347019603903
16.666666666666668;13157369674015029431
0.0;17692072446184403053
33.333333333333336;9714212820194298463
0.0;16490200329745748219
27.272727272727273;14376611824081378919
10.0;12078952568829379283
33.333333333333336;10809799747228030777
27.272727272727273;9737814503439189029
33.333333333333336;14527968570503660581
20.0;10810802207424152933
0.0;14495652915276223381
25.0;16654167316574105729
40.0;13398946315096136659
25.0;9400407713194959677
20.0;13675179801365538011
11.11111111111111;17024116817102627623
33.333333333333336;12503835093583555193
10.0;15986815291475121371
54.54545454545455;18317994255063721541
60.0;17269579310621672857
30.0;9379332502756081319
44.44444444444444;18293515044495975569
36.36363636363637;16786826125032741737
9.090909090909092;10196119156460996149
0.0;12540266864702709709
20.0;12727851886681212497
58.333333333333336;14603635193969176379
54.54545454545455;17800514940494775413
62.5;9533576114261644421
18.181818181818183;17026204784521918747
18.181818181818183;15723639830881281151
50.0;17511324679729036021
9.090909090909092;15722903389065103327
10.0;11231696649299472517
72.72727272727273;13490667698835586079
36.36363636363637;9586131013487914253
12.5;17448677076796338137
11.11111111111111;15471492434673404069
10.0;16432155537433522633
55.55555555555556;13031556097594963393
10.0;17411704446672621667
27.272727272727273;12534941613254539187
18.181818181818183;13376847771855742331
11.11111111111111;13027319936598527039
33.333333333333336;14183649512712583019
10.0;15638126932275074021
10.0;18001371830661016913
9.090909090909092;11680421961807587531
0.0;15480561073594786927
36.36363636363637;14159080434298259437
20.0;14724122359042155347
25.0;15158142255198924887
40.0;15089379283389821881
36.36363636363637;17171496311053872241
75.0;10870632011353909297
11.11111111111111;12093232756178916289
8.333333333333334;16620427902783501457
10.0;16167100995813466889
10.0;13045829297682429841
20.0;18241599182543161811
27.272727272727273;12621980256955957793
16.666666666666668;12088419335772526567
0.0;14368532835505613819
40.0;14503173769916887457
20.0;9794556179953641167
54.54545454545455;17257399012582664237
45.45454545454545;10483717192970044069
45.45454545454545;15465868617818507363
0.0;14502755440625514241
37.5;16109240895334398359
0.0;10118205397377987479
25.0;15641730761709722933
42.857142857142854;18014971072565392253
12.5;15123348188620659359
28.571428571428573;9757905970387115627
41.666666666666664;18089005212420698617
40.0;18431675937709520111
38.46153846153846;12401668122174210233
25.0;15214790850896011169
9.090909090909092;10540128931791087841
20.0;17130534173918852237
18.181818181818183;11163345365023779227
0.0;9630674231255339989
0.0;17662983661321043261
11.11111111111111;10598005047206342939
11.11111111111111;15518716886803107239
66.66666666666667;10240309829493914161
12.5;18332175495284667173
55.55555555555556;11398762662490805087
25.0;10916819943421641217
14.285714285714286;11680659581579026463
8.333333333333334;14427487303325287519
11.11111111111111;9467044874523149527
9.090909090909092;14714340397394546131
20.0;15705707781447263821
22.22222222222222;17184577882468934603
27.272727272727273;10746984213621341149
44.44444444444444;17964506387695944887
27.272727272727273;10501893872148622553
42.857142857142854;18294170836569789767
12.5;9467612874442816867
22.22222222222222;17192316574110179587
28.571428571428573;9865384195403567723
40.0;9900857914298034023
45.45454545454545;17290478335212834839
33.333333333333336;16922582952953833117
36.36363636363637;13951719173937336947
44.44444444444444;10860456831649249057
0.0;12177642302982800689
36.36363636363637;16899619171020312269
33.333333333333336;11364253482694615007
18.181818181818183;14520793422829292359
33.333333333333336;13481006610916506217
45.45454545454545;15285383746869829699
10.0;13158536712991027199
0.0;13019596967775291253
18.181818181818183;14408455985613485267
0.0;17530077010690415243
11.11111111111111;15315829896472572287
30.0;13945552063085567731
11.11111111111111;9965712340257443447
44.44444444444444;16822609450012506961
40.0;15797466021673576489
8.333333333333334;13012944193960733857
27.272727272727273;12271766057524801397
40.0;13060555803308497651
11.11111111111111;9924487240876246867
8.333333333333334;15221732081150929153
10.0;11243152856170143061
41.666666666666664;14533642596695442587
33.333333333333336;17490308313947730203
16.666666666666668;14199387207890205623
18.181818181818183;16125819686130698279
36.36363636363637;14046086435817040513
30.76923076923077;17853465993023195609
9.090909090909092;11952627444932848211
9.090909090909092;10053468347230261363
46.15384615384615;16156269929829140239
18.181818181818183;9249406135452850547
18.181818181818183;12264540912150359141
25.0;9453660042280530409
36.36363636363637;13872358728821472337
28.571428571428573;11487261799773647231
27.272727272727273;9467963321447060803
27.272727272727273;9376011768344659687
30.0;16300449875521333609
33.333333333333336;11569727275351891487
50.0;12591815015562149819
0.0;12040419225887936827
33.333333333333336;14316900568924326623
10.0;12729744528437619871
0.0;12562342693677403117
8.333333333333334;11239809609152507147
0.0;16007433795789936029
0.0;15395719633423160951
70.0;10594050182541064543
33.333333333333336;16425133550956035811
16.666666666666668;9793480950554677087
27.272727272727273;10478120882844917111
60.0;17533928236464833659
8.333333333333334;12934852658699198657
25.0;17685207154631334733
9.090909090909092;12429503609240589673
50.0;10518578030731734589
12.5;18287691866368657673
60.0;17200727730082670381
27.272727272727273;14743656981763970137
18.181818181818183;14640208635993166153
50.0;16418740812961832879
20.0;13919137345636801769
0.0;11176428816293513251
0.0;10933074657012367501
30.0;10892898763493635181
11.11111111111111;14263487264684816471
16.666666666666668;10477894619626920193
20.0;13705750268189503567
18.181818181818183;14993227532575654057
10.0;10933612860673874981
36.36363636363637;12860609270956867157
18.181818181818183;14983814901987161863
36.36363636363637;17152532924667234881
36.36363636363637;9977346753985418683
22.22222222222222;10797711296771170741
28.571428571428573;14270051177598701813
0.0;13758715892553202751
40.0;14462827783049387789
0.0;9393214912648255933
27.272727272727273;17559678331041142259
0.0;13922559667890729563
42.857142857142854;16623530016592896413
40.0;17276680939702827901
0.0;15925522737618914767
45.45454545454545;10657201851958632479
22.22222222222222;9570262389568662449
36.36363636363637;16339180494660403241
10.0;13327111679723886437
9.090909090909092;13213451800144363631
12.5;16664132745310739501
9.090909090909092;12082492688159425157
37.5;15909967945120967363
11.11111111111111;16631568718365015449
0.0;14416636973590113827
22.22222222222222;18313590585389781953
22.22222222222222;17242884685792414651
9.090909090909092;14493476888340400063
40.0;14366460998558764699
10.0;10795336992307687081
30.0;11975785558115805469
9.090909090909092;11132516580746125291
23.076923076923077;17648268369200828201
16.666666666666668;10479173597525395447
10.0;13562721868145492297
54.54545454545455;13037284366817965559
10.0;14037297065816805107
30.0;12211791225484389067
27.272727272727273;17923701510548858639
36.36363636363637;9329951903932444271
70.0;11939890073528764031
36.36363636363637;17676120474900904097
20.0;15854806811618943823
11.11111111111111;14562294636744858889
40.0;16749576767119752067
41.666666666666664;17965714510123438973
58.333333333333336;16580524758899616397
28.571428571428573;17934205496463410851
0.0;10005789539045559689
8.333333333333334;12959364228356371481
25.0;9632930553058674877
41.666666666666664;17277824168006444519
16.666666666666668;11220266155801815401
50.0;17170026567492001237
30.0;10454026062829506277
36.36363636363637;12618960818699827777
27.272727272727273;10071183535137324737
20.0;11947265798153632249
0.0;15320382552622710011
63.63636363636363;15581024623765054837
20.0;16745644022122670717
36.36363636363637;13426861812368008973
54.54545454545455;14572655469271060363
50.0;16507836049651916141
28.571428571428573;14547557369303287111
28.571428571428573;17248331534713584007
30.0;14613994759480896919
10.0;14244578806029931829
18.181818181818183;13726045155293391043
0.0;13305093102644649671
50.0;9296314942368446249
9.090909090909092;11784516217373676719
40.0;16911648368166820189
11.11111111111111;12176141002459609151
10.0;9788797782709264477
33.333333333333336;10442346041574969391
18.181818181818183;13483586064171318973
20.0;13966494093568186909
0.0;18008921372947693819
20.0;14746055261100766321
18.181818181818183;11227901220434262769
62.5;12199448316647780087
55.55555555555556;12491597756364368513
20.0;9404085481468178471
18.181818181818183;11586572681806770811
27.272727272727273;10271791249909036261
18.181818181818183;14859091537129453099
27.272727272727273;18323292017306405527
30.0;15930113151236687593
41.666666666666664;18167628159775811219
27.272727272727273;10706772587107410239
33.333333333333336;18328564384676994523
54.54545454545455;9967395925816990807
18.181818181818183;11027151399897825553
30.76923076923077;15199291970262080333
9.090909090909092;16332000398109568927
11.11111111111111;12782691221367339523
18.181818181818183;16446544042706478059
0.0;10940921375012954071
12.5;14500626592881369091
8.333333333333334;18209399895555886153
12.5;14991668454041070931
44.44444444444444;16746117504556666157
25.0;15401010140840320253
0.0;15721169159561573941
45.45454545454545;15080523767315041247
14.285714285714286;17585913630817921031
28.571428571428573;18278270869721906887
20.0;17324241872962483687
50.0;12870681958835283397
11.11111111111111;14349503796382081241
38.46153846153846;11925585364479991597
20.0;14788126352375464267
21.428571428571427;12267646885777275241
27.272727272727273;15020590251440575843
18.181818181818183;10646152087247978401
16.666666666666668;14439723673435211717
36.36363636363637;16129151217855052709
11.11111111111111;12979653041565059819
10.0;10544967077675120737
11.11111111111111;12615715070868364883
22.22222222222222;9503123573269947967
11.11111111111111;15259967506308078077
18.181818181818183;13722287798443147901
0.0;12122706381915053063
25.0;10950612244827993223
18.181818181818183;18178355260056395813
8.333333333333334;14928558395126074123
18.181818181818183;17040229135259330801
16.666666666666668;16257833877654886787
12.5;14758480289267239951
20.0;10658715423748003609
25.0;18192823979948778779
30.76923076923077;13173197503852562153
55.55555555555556;13369021697272384757
20.0;18291742187365245253
33.333333333333336;13398849277797206077
9.090909090909092;9654042287486054761
25.0;12163073052572626027
36.36363636363637;13109000026675068899
50.0;12823385714665721053
27.272727272727273;13781619213329996099
18.181818181818183;11743140488830945867
45.45454545454545;10991696985605508839
37.5;17694172436127691397
44.44444444444444;10148453829551354453
40.0;15550167998120050219
50.0;17344148216148363767
0.0;16099813481374865311
16.666666666666668;11075027100112303631
30.0;15204971082932673781
40.0;12891355932828896291
25.0;12090734727474891391
22.22222222222222;10267305787426811567
33.333333333333336;17705152872439109659
27.272727272727273;17850570515450875211
15.384615384615385;18140209392120946733
25.0;11599572344405312999
27.272727272727273;17319159692168460953
22.22222222222222;16723194260319028039
25.0;9228509442309644197
0.0;10078272845868419567
9.090909090909092;16395438736834055407
0.0;16884279056098866283
0.0;13756188736338197921
0.0;15255191653786412737
22.22222222222222;13987119047984426339
25.0;10830909489805789061
25.0;16649185684611324697
30.0;15223711807179227843
11.11111111111111;13885216440918641171
36.36363636363637;18311440571933675519
18.181818181818183;17914633754424335417
0.0;12315598940069346923
45.45454545454545;15287867498703263257
33.333333333333336;9570546397934012983
33.333333333333336;16632777980029763243
22.22222222222222;17547154669551628207
30.0;15331119307890856429
0.0;12593952473895305119
36.36363636363637;12853634357360481583
16.666666666666668;11114919624019592981
0.0;18351304922636388991
33.333333333333336;11911756583147173121
60.0;10818149934786851597
61.53846153846154;10507803332538366851
11.11111111111111;10039719027758976763
16.666666666666668;13749416390710460923
25.0;14194317426198303047
50.0;10933763723136017147
0.0;16124823043651642843
27.272727272727273;14487930124507881563
30.0;10969348716496316849
50.0;11614408981076061401
18.181818181818183;11849828927430885983
0.0;15193650912568139611
33.333333333333336;16072248172978273531
30.0;10669126231112451857
50.0;10167242106282138721
30.76923076923077;14338617508237761463
10.0;9284269745727911023
10.0;14247278453318324573
18.181818181818183;16179863810092921667
45.45454545454545;14702310973366042153
45.45454545454545;9411789209525776277
20.0;12075145691547658157
9.090909090909092;12418568320021011311
33.333333333333336;9376233725517668561
25.0;9369538375577254429
20.0;16830867639383320387
40.0;12265643491322044501
18.181818181818183;11518298996902043989
11.11111111111111;15695190606614943601
16.666666666666668;16231456876075640443
75.0;17058133070436448153
9.090909090909092;18225161950530595547
46.15384615384615;12249091690721320021
40.0;15065157297557149099
50.0;12725946145085401211
30.0;15709099903985656139
8.333333333333334;15907736742861437959
25.0;17884617258132191843
55.55555555555556;10985938986370463341
36.36363636363637;18011213848788769223
20.0;9785390310175805981
45.45454545454545;16299188497565607031
40.0;16839666783080674711
25.0;13708854743733366479
8.333333333333334;14369700275792781221
0.0;16922949057664655531
60.0;18194150651372484571
22.22222222222222;16617348365785144357
9.090909090909092;12312960230002382273
33.333333333333336;17220840991235428021
11.11111111111111;13821551636323033289
36.36363636363637;15887774529647646973
60.0;14369120278954020511
30.0;15662779400309111393
27.272727272727273;17581279193275891801
9.090909090909092;12534414741934408507
23.076923076923077;15473745809084485261
20.0;15650918641697424079
18.181818181818183;12035628456555777259
45.45454545454545;15001767354534107977
0.0;16703354887624120217
38.46153846153846;9519196122648424831
0.0;13577726186064996539
22.22222222222222;13118684869827071929
40.0;13526244161138680627
20.0;10077131872707581281
28.571428571428573;10460920576368161509
64.28571428571429;14411080912722200851
0.0;10927504420175855429
27.272727272727273;12734533175652373541
27.272727272727273;15116066485009402483
14.285714285714286;13608319059374558143
18.181818181818183;9854553637583422277
41.666666666666664;12420311936036484551
44.44444444444444;9485674552200003049
70.0;14570967612415877693
40.0;10933813692975005279
20.0;13045596100736451851
9.090909090909092;9948871524503724653
30.0;12142547248368297697
11.11111111111111;11221853223862343681
22.22222222222222;14450100657641031499
50.0;12031620424982887367
22.22222222222222;17259653706431145701
27.272727272727273;13510526411983148393
30.0;9254826309309516673
0.0;12312281158257602107
7.6923076923076925;14577383330586539933
0.0;10409799424959242267
7.6923076923076925;10444715485629924757
18.181818181818183;11671459907889520913
20.0;11134438167952104919
33.333333333333336;12084564041520840139
22.22222222222222;13134007230317747231
0.0;15856658552628024731
33.333333333333336;13876668138872704843
0.0;12259414121975933333
9.090909090909092;10117661717229529517
0.0;15639069344434737121
0.0;14786384619550389679
42.857142857142854;17571640671309358243
87.5;9871718505942883897
36.36363636363637;17362649901430546981
23.076923076923077;16338953768275935911
10.0;12694492461558489107
0.0;10502514439451886239
20.0;13051759221867996359
25.0;12756678430801470521
22.22222222222222;15855149033984307881
33.333333333333336;11525178699808611361
25.0;16363754017237624561
10.0;17136310073818886813
8.333333333333334;15745475654796907931
69.23076923076923;13748302553043661171
30.0;16500801649993761301
20.0;14439840390550311403
10.0;16807448787223485943
11.11111111111111;10367107518978885881
9.090909090909092;15014063497659524149
20.0;13153932614029225433
20.0;9353825711977921099
20.0;13521973717695307859
0.0;15397669559003938397
33.333333333333336;17936516292796318001
16.666666666666668;11858651356848828593
9.090909090909092;10043074743512871553
54.54545454545455;14827884555275734451
