40.0;13874327944544287867
20.0;13950766010402239339
9.090909090909092;10737512214340756399
20.0;16630329193800232039
16.666666666666668;14078326830049378993
9.090909090909092;14388126761668119289
7.6923076923076925;17593252529800108043
66.66666666666667;16446950037380159053
20.0;12371233896412872847
25.0;14709506436989423471
55.55555555555556;10319004602222240123
20.0;10205439700663515107
50.0;17101295828531800289
18.181818181818183;11266308613356947671
18.181818181818183;10966375296188126809
33.333333333333336;12164113702186895303
0.0;18298088557102748831
50.0;13760554953995184197
0.0;13695633115770003169
22.22222222222222;11955944549585169557
30.76923076923077;18091188037952030237
28.571428571428573;14305087662787194913
18.181818181818183;14218069179364618741
36.36363636363637;12985142829195874199
20.0;12246604184990898797
27.272727272727273;12197949164329541983
40.0;10226708950391877071
11.11111111111111;14246764034988479791
33.333333333333336;9739372003602374219
40.0;14056172276894011997
25.0;11880223550961449851
25.0;13840265259037536731
20.0;15922079254017555917
23.076923076923077;15620791889049812351
22.22222222222222;12703492807206369083
42.857142857142854;14944711569231263009
44.44444444444444;13205215410529845683
22.22222222222222;16103124034777854623
10.0;14486602164162798199
20.0;10497155276584884031
11.11111111111111;16018561188439087429
55.55555555555556;10032849609441024253
22.22222222222222;12714956549626463477
33.333333333333336;10636727633360039399
33.333333333333336;11409063749765812331
45.45454545454545;14512014473232858521
37.5;15778310823016949237
46.15384615384615;12714306887896780247
14.285714285714286;12715270066381979683
10.0;14417369508273533201
8.333333333333334;13415885101877925179
27.272727272727273;14309299074834070847
18.181818181818183;14175666968281068323
9.090909090909092;9846002121627263483
14.285714285714286;11246793810731468207
12.5;16756756635918842449
40.0;15148794628459225441
30.0;18126791974739824777
25.0;10937794283508311257
36.36363636363637;14576750885209309501
8.333333333333334;16711443359578019989
30.0;15470070064861572137
30.0;16040211671319914977
33.333333333333336;11117954510081030377
9.090909090909092;17178919688593983461
33.333333333333336;9915783569365920907
22.22222222222222;11691014890540152743
33.333333333333336;18221178590025402283
20.0;16907575331499089927
8.333333333333334;15632880205527723613
36.36363636363637;11840363012801633389
55.55555555555556;13211026868681333917
16.666666666666668;18358989656893206631
0.0;15127023379546573151
44.44444444444444;14003969197332844757
33.333333333333336;16933173710813700467
41.666666666666664;16520286978874346407
62.5;12738186384579797341
0.0;12501883127195117659
9.090909090909092;11709889062809503103
33.333333333333336;15627296414384449373
36.36363636363637;16599102776552612801
60.0;17219140415424352183
37.5;13170603677240145767
8.333333333333334;14818413487953288011
12.5;18360395273761693993
30.0;12040274814788657011
0.0;9914563331358238573
40.0;15640613887598882891
18.181818181818183;17452930453461189719
18.181818181818183;15278381987749745213
22.22222222222222;11119369820986263409
20.0;9688773920418322949
18.181818181818183;14377142016103860547
9.090909090909092;13666594777407893939
0.0;14286295232666607299
66.66666666666667;9760794642329224807
16.666666666666668;11628564983070267931
57.142857142857146;10738009687924960169
12.5;11741909580345000599
8.333333333333334;15926302526077914979
50.0;13577549309355794117
50.0;9912840957912803413
9.090909090909092;10199389570098745109
20.0;13337785223970335111
0.0;15330839591346972359
0.0;11185893088593568453
0.0;15901006882682468333
60.0;15936231695074688717
44.44444444444444;11709585393445591621
46.15384615384615;15870697507438458331
18.181818181818183;16755695371970669243
45.45454545454545;11563887377062268497
0.0;14588318931520189549
30.0;15841818505093107563
50.0;16496372999920911863
36.36363636363637;17659072902764177917
0.0;15905801329494122231
33.333333333333336;18016030761377337133
25.0;16413994190158423343
22.22222222222222;10648076962282991057
30.0;12127972739483366683
12.5;14320652251870620023
54.54545454545455;12257195494267621841
18.181818181818183;9225174820017202009
33.333333333333336;10562480556668663321
16.666666666666668;16271505808957312049
25.0;11911895543201579257
36.36363636363637;16585623787962270497
50.0;10952627673707011823
50.0;18051863897124816167
27.272727272727273;11848249122533145041
22.22222222222222;9840907294742515619
54.54545454545455;9609838917135492719
10.0;10529177748715610779
22.22222222222222;9939293935906235723
18.181818181818183;13380912241836347071
50.0;15664289278957768069
25.0;11331755314100046283
20.0;14729797958424613907
53.84615384615385;12048898519684313723
50.0;12940779284812822691
20.0;15719336804098014709
9.090909090909092;12500301319266705251
28.571428571428573;17573222384874832799
20.0;10436514092815383211
8.333333333333334;15938273894768122213
9.090909090909092;15586527052198067473
25.0;14524941904619738707
20.0;17231342334916306469
9.090909090909092;13890105389098972639
33.333333333333336;11573894053877601091
50.0;14107929147594087677
20.0;10189220896890622597
50.0;13088157093876267937
69.23076923076923;15411951104731499033
40.0;17867921381575206763
9.090909090909092;17876094240882143333
50.0;13867119249530134711
18.181818181818183;9398426549932589347
33.333333333333336;9576852271950787909
30.76923076923077;18026766222438394121
33.333333333333336;17629810235595756829
40.0;18154249973920822969
0.0;17444267758802375363
25.0;17469773771477552491
9.090909090909092;15990077538218663809
33.333333333333336;13703051764310813111
36.36363636363637;14524342828628403493
37.5;13743016572901370561
40.0;15856648041271499521
50.0;12978536487344113211
37.5;14774511571130886847
70.0;11656852955366785711
10.0;17939160624387835649
40.0;17384253693895870681
20.0;14821592056702946981
33.333333333333336;12900864856164320941
9.090909090909092;17307086983341616427
75.0;15615219515044362523
33.333333333333336;15273292166630054351
22.22222222222222;11925447792208184167
14.285714285714286;12100786827214557517
36.36363636363637;17760261964595090293
37.5;10315589195648890423
18.181818181818183;14948461042232635741
18.181818181818183;10457485487784265663
30.0;16533658674711131771
44.44444444444444;17743776072804188431
63.63636363636363;13298168295131080681
9.090909090909092;13018871667638542733
36.36363636363637;13171933742687344783
61.53846153846154;14674039200953967061
50.0;13380899103950799697
63.63636363636363;18397950838912353589
22.22222222222222;9956081700501396067
57.142857142857146;17424156485140556951
9.090909090909092;16292232761867039113
45.45454545454545;10159971380871538139
18.181818181818183;9995473787198531287
50.0;10300109226609820987
27.272727272727273;11972459564998147387
30.0;15988280281859082889
40.0;16206740839609512047
72.72727272727273;10568354370314284963
27.272727272727273;9410302778896533463
44.44444444444444;14256218419818388231
40.0;13098570502045625281
37.5;11061574872617433473
18.181818181818183;17482831150990880489
14.285714285714286;15262876010180076763
45.45454545454545;16392006770843825491
33.333333333333336;17404423042993038149
16.666666666666668;12672211281252643831
58.333333333333336;10524681538709150149
50.0;12004852122737490239
27.272727272727273;10878925077977421083
33.333333333333336;13388203334006735401
10.0;12586289172601671493
0.0;11438633764855812917
10.0;12529398839746393937
36.36363636363637;12076985672276672999
10.0;17742541626786909871
40.0;10343452583455906171
18.181818181818183;9450739574149928009
30.0;18309775089006249757
42.857142857142854;17761896987737665531
12.5;14309770790000427143
22.22222222222222;15513270464271597427
11.11111111111111;15595912364601464219
58.333333333333336;14297181185866961783
60.0;9875727838628367127
25.0;13039045496411749357
20.0;12730513167611965717
9.090909090909092;17891361312968001143
60.0;18113187898838720057
41.666666666666664;10492404969427594123
41.666666666666664;12849444299450397967
30.0;12519773573671828571
9.090909090909092;12099573931407266041
0.0;14342080931244714497
18.181818181818183;15001413162317259983
22.22222222222222;10872654786242902327
36.36363636363637;10979340560090829419
27.272727272727273;18262040014113459371
40.0;13236319733033066701
36.36363636363637;12657021838617438467
0.0;12501867856465871573
42.857142857142854;15737723050521927529
18.181818181818183;11807450401325766049
30.76923076923077;12005766053018515361
55.55555555555556;17084225621547322333
63.63636363636363;13396589963627021461
16.666666666666668;11598400357528203743
66.66666666666667;12656488582409687591
46.15384615384615;14177468731195187729
45.45454545454545;10004300837230047401
9.090909090909092;10442718835243029949
20.0;13040236302324578591
11.11111111111111;17278417950155054897
22.22222222222222;18414267680405987083
20.0;16073995254990589907
0.0;11949562160885686907
50.0;16284947512478893621
9.090909090909092;14424958286630336413
16.666666666666668;16794781479964364963
27.272727272727273;11077314475037033683
44.44444444444444;17119398067117283033
58.333333333333336;14074890658923523981
0.0;12336523549586600513
18.181818181818183;9285649968578616163
18.181818181818183;17230113723605205799
50.0;17786381124868301371
20.0;17405158925170969159
16.666666666666668;9608954906422596497
45.45454545454545;15347098473105353963
0.0;10720372429590627329
0.0;13121887896388853399
30.76923076923077;16508052886024754039
50.0;18135823013913023933
20.0;9461476625023461763
28.571428571428573;12691881873627852047
20.0;16896101684822714807
18.181818181818183;14411067555503631697
10.0;18014785595308880789
36.36363636363637;10614157031784868871
45.45454545454545;16503471371090387293
25.0;11737000234791501883
30.0;16053398528608865461
20.0;11035448768110733081
58.333333333333336;12936895404773861951
30.0;10003140905585195183
50.0;10324326846732011797
27.272727272727273;12064665223724672159
54.54545454545455;17184163961497895207
45.45454545454545;17572206951931928567
22.22222222222222;11632015962539892911
20.0;9283283195261274581
10.0;13912281531616670063
30.0;10657496720229888323
30.76923076923077;13032477215553837233
0.0;18061321162179588199
30.0;11173450042824086653
44.44444444444444;11304958133717225359
25.0;9775888458426273787
25.0;13038705176609384737
14.285714285714286;16597064403159512911
36.36363636363637;11073523245795520141
0.0;10745577024461720983
25.0;10425709055880086201
23.076923076923077;18327641685741850097
50.0;16024320877616225359
54.54545454545455;16024023266251272607
36.36363636363637;13301883054913721549
36.36363636363637;14469622763092711603
41.666666666666664;11683215740852429071
0.0;11702298743023308839
50.0;13015013693665493621
36.36363636363637;14443313104965998233
30.0;14532591158757560611
0.0;12380717281614709003
30.0;14880959680978546583
30.0;16576233052922769197
54.54545454545455;18409654079474658691
27.272727272727273;10996414330415275901
60.0;12227631267594070903
33.333333333333336;12468281538660021859
45.45454545454545;17965531984809375763
27.272727272727273;9924493753648577969
20.0;14550475019913928891
30.0;15007973781753212797
36.36363636363637;10205312011071130523
50.0;13447422980233464427
33.333333333333336;12750527776894214479
7.6923076923076925;9678392637278551567
0.0;15422242932370985203
66.66666666666667;16910096057656288171
20.0;17075389420869453259
0.0;10734464636845901233
66.66666666666667;14294805212551136963
30.0;13258548055129233163
58.333333333333336;16327554564541625189
72.72727272727273;13506748908103061407
55.55555555555556;17796345798559555207
30.0;17275710515386625651
21.428571428571427;16003732527351326621
36.36363636363637;10734984604318037641
0.0;14458878368561281537
33.333333333333336;16426549194797475637
54.54545454545455;15018604005642532307
45.45454545454545;12723787607250423113
18.181818181818183;11890191459320330993
23.076923076923077;16054156244587062029
20.0;14778682605920783467
15.384615384615385;10408896927664957847
9.090909090909092;13751612892419978263
27.272727272727273;14051795381277227657
9.090909090909092;18294668496378815857
33.333333333333336;12487242936643419053
10.0;11745851406742815959
20.0;10056367761176613187
41.666666666666664;13668634335209464757
28.571428571428573;10713305618959560403
55.55555555555556;16685928526759789837
20.0;11183578516627929787
66.66666666666667;17505814610000326657
16.666666666666668;14333158839340561147
63.63636363636363;15795030091658934541
30.0;12980207906272722449
18.181818181818183;12239049577981746851
50.0;16856725862502483961
25.0;16791592343520872929
22.22222222222222;9890461279253148859
18.181818181818183;12526585530105838759
20.0;11547350105000241163
50.0;15925315073463501151
50.0;13309199394222911173
9.090909090909092;11418954030396869161
36.36363636363637;16157127779699893993
41.666666666666664;12641185746305062571
30.0;18341115097969406467
0.0;16724117864257371473
11.11111111111111;10487686726216581223
0.0;13441653661573772549
40.0;13073690685970608839
20.0;11247897451398623549
33.333333333333336;10604909410639055713
8.333333333333334;15549441664418711233
66.66666666666667;9599680746971748709
45.45454545454545;15519627337445708023
50.0;10906600831740639551
9.090909090909092;12134970955662408779
20.0;10919287589419660811
10.0;12643621067240343163
50.0;13460397423101734571
12.5;18332399720005313057
45.45454545454545;14274102627785640223
22.22222222222222;11447882302186675099
33.333333333333336;9720236018236664381
36.36363636363637;15807707779544328253
44.44444444444444;11743050353172751091
14.285714285714286;16672680725878030769
27.272727272727273;18154058410998765103
20.0;12179036762518717529
25.0;17771748623854751821
9.090909090909092;18382187295235924261
25.0;11147827690078956641
20.0;9872162059934885657
18.181818181818183;11626432646712644701
36.36363636363637;15786704818552995863
10.0;15207428105989007279
40.0;15572992801675142819
20.0;16424070204356447849
30.0;13811295196618823593
11.11111111111111;16384745907933950411
36.36363636363637;13165844876100658117
0.0;15983385751225359749
25.0;17407206154073489447
0.0;14533257166127585419
28.571428571428573;16231334539423677197
30.0;11022952117355369951
14.285714285714286;17397162669685794169
8.333333333333334;9375427649473580323
25.0;16410060838386164357
16.666666666666668;14901899141378966147
16.666666666666668;10365480612052234049
9.090909090909092;14938274238036549293
0.0;15256945084189743731
30.0;18032082384460445269
22.22222222222222;10634554173253855763
50.0;10462695191824489013
30.0;14619333738183966749
60.0;17059195374780490663
53.84615384615385;13589508875265215033
20.0;12107600316166434557
30.0;18174916708857553691
27.272727272727273;10713845706476527999
50.0;18102649498571585569
45.45454545454545;12201571223638877489
22.22222222222222;11830296537216838579
14.285714285714286;18416666213859477869
36.36363636363637;15483937458158293609
9.090909090909092;16446175269626925517
18.181818181818183;17526102275342673431
44.44444444444444;11778432804075657199
36.36363636363637;17278362730295029393
50.0;10110205953600312359
14.285714285714286;18004556836374848639
60.0;14452268398206764161
60.0;16989042099443551727
27.272727272727273;14781488735684936107
58.333333333333336;17690069513092324633
16.666666666666668;12388743674618893207
18.181818181818183;12916039865886989597
18.181818181818183;16047426189627115951
25.0;16922764869852010643
30.0;10512808387401258623
18.181818181818183;9941297471371286809
0.0;11116917468908815463
50.0;16229668052248143869
33.333333333333336;9289368776662322549
22.22222222222222;14321982823430195657
18.181818181818183;13650643000495645327
18.181818181818183;15250867629385514741
0.0;10494407297075403473
25.0;16094903043993491903
9.090909090909092;17905044701383572059
22.22222222222222;14947114249827403753
11.11111111111111;15940753778156394643
25.0;10554237904350981097
0.0;17102605332954706043
30.76923076923077;11172966418019346949
45.45454545454545;16189276239018972643
12.5;14566646843037687091
28.571428571428573;11441356832346718447
18.181818181818183;15344209223520302119
18.181818181818183;14112702242108032853
50.0;15988501663850279723
0.0;9756670387071748463
54.54545454545455;18175299527743264787
80.0;11767692697058568401
37.5;12211191672081331213
8.333333333333334;12028792112594070227
9.090909090909092;11450559562522390273
30.0;18046613454461784529
41.666666666666664;11757114965863214063
23.076923076923077;13143915145664591333
18.181818181818183;16212006841656518017
55.55555555555556;10541835809368194197
54.54545454545455;12792617329836452593
36.36363636363637;9997700095949582057
36.36363636363637;15852152023187977099
50.0;11415203041287633179
27.272727272727273;9824108855301268763
33.333333333333336;17075149801142425457
18.181818181818183;13567578011683409339
41.666666666666664;14453872356012412667
18.181818181818183;13604060386716328141
27.272727272727273;14478468705897648797
33.333333333333336;13230457916702276483
0.0;13332815975257248409
11.11111111111111;14127967448137146997
0.0;16354039003394667959
27.272727272727273;15913656792651641669
0.0;10375472151515661613
0.0;17826586961694648889
33.333333333333336;14231226141985713229
20.0;14618143856634132499
30.76923076923077;10222506845908033759
18.181818181818183;14226840229665681757
58.333333333333336;17130794025075434083
37.5;13364012147543288953
50.0;13654005150974504101
58.333333333333336;13969709440788907567
18.181818181818183;15482543754308240213
11.11111111111111;13561452537635155687
40.0;13270872457641354473
36.36363636363637;10934777151269987291
9.090909090909092;11565474455146075909
20.0;13735094221949550871
18.181818181818183;11202273408947942117
18.181818181818183;10009720707099277777
27.272727272727273;10470063147483438623
55.55555555555556;17447140605366769481
18.181818181818183;12432123116855768419
18.181818181818183;9353104138495503739
10.0;11172605453717670037
27.272727272727273;10566482299769552227
30.0;10393690321257611971
0.0;11197520977222641827
36.36363636363637;10200144060729488693
16.666666666666668;10776827166178154267
40.0;9800758049152159501
25.0;15517046848076004379
11.11111111111111;16878144193379842697
30.0;16443108364330807459
36.36363636363637;12235370995082068261
30.0;17368189355739555239
40.0;11659479770476631629
20.0;13225646639376938237
18.181818181818183;14011397636184108529
33.333333333333336;15181923930202111153
61.53846153846154;17610863965993566581
45.45454545454545;9883410332361896749
20.0;11391329838100360903
0.0;15356721668263992931
45.45454545454545;15061308533631917189
9.090909090909092;14856251840372909489
9.090909090909092;14674969119027788287
50.0;14469891012385915787
25.0;10681076003998246321
12.5;9740929027740072553
30.0;11377031096508997541
54.54545454545455;12572875586917664021
63.63636363636363;18005999832121288151
25.0;11111794495304730883
0.0;13804679605835518087
55.55555555555556;10921115095463598673
50.0;16365327226419398753
40.0;13452916454947722761
18.181818181818183;17849025541172261459
54.54545454545455;9699555832909732663
33.333333333333336;16624231562016486883
37.5;18268626222277993319
18.181818181818183;11035920948557908237
45.45454545454545;16779429289895426467
18.181818181818183;17573131909444274069
33.333333333333336;12010975703971374167
0.0;10192361447032883357
33.333333333333336;18017560952876731283
40.0;12132886340304505969
42.857142857142854;14985966638353372847
40.0;10470094955754125753
36.36363636363637;9692528800156727849
30.76923076923077;13686788002179850603
27.272727272727273;13791303898618897649
40.0;10876294146104408023
18.181818181818183;15206658300156274529
18.181818181818183;13342638382846723499
33.333333333333336;11517942964393794827
45.45454545454545;16644285680492261959
40.0;17499737069558788997
44.44444444444444;16647231074990297161
18.181818181818183;17714853845679344603
45.45454545454545;17247900099263952277
33.333333333333336;15280297982114650033
20.0;16000339029307996453
46.15384615384615;16392972547899158347
40.0;12344809331732757739
10.0;14580240050061173729
20.0;15559851489548246519
36.36363636363637;15482345213307238061
50.0;12863290449487934783
16.666666666666668;18343602582470951381
30.76923076923077;10617559710485538137
60.0;13830654429093701939
18.181818181818183;13108375675783404509
40.0;17911372284879415297
0.0;14831325057691925023
40.0;10607403804203821093
55.55555555555556;17167113730074699661
33.333333333333336;16555553593163123831
36.36363636363637;13069601406780590137
16.666666666666668;12389894650545635801
55.55555555555556;17781989125826557117
9.090909090909092;9349664733862639463
16.666666666666668;10189744489791432977
54.54545454545455;10757633894988026161
20.0;9762284676980079749
18.181818181818183;12865994678666860837
10.0;16234574888106003137
55.55555555555556;12222832839794130703
40.0;12309402660696410083
40.0;15945525584867596691
36.36363636363637;14344279181299780511
60.0;13883458366083639007
50.0;14711099261619147503
40.0;18190244323478077313
50.0;9493753205503720133
20.0;16285249027949723929
36.36363636363637;13696599702226259677
33.333333333333336;9275842788886873973
20.0;15427202737185178403
20.0;15185369074804855793
36.36363636363637;11537819487498216433
16.666666666666668;11635970036939797963
30.0;17646404231758631081
69.23076923076923;12712434565888704737
50.0;17906688478624799489
44.44444444444444;10408432776958244933
50.0;11735499096230695991
18.181818181818183;17776687136428559497
9.090909090909092;9757332515758257553
33.333333333333336;16236508744038326773
36.36363636363637;18009620525392233277
18.181818181818183;17464387604402341637
40.0;18308853976987945729
27.272727272727273;14156416359832100797
18.181818181818183;17021580704486306393
60.0;15142152129749283817
12.5;16673926493154301369
36.36363636363637;9932186835673535963
0.0;12791368451526329059
25.0;15992634190484550689
45.45454545454545;12349366463566564669
36.36363636363637;12053317398154848763
50.0;16067832216090556807
36.36363636363637;11742603590105343661
33.333333333333336;17714093699238593549
41.666666666666664;17385661768546055797
33.333333333333336;10925183915769207629
46.15384615384615;12374202254009639699
36.36363636363637;18372470814382638181
58.333333333333336;9768855338593877633
70.0;9353200580635212373
45.45454545454545;11934502101996128857
75.0;17710281412856326939
0.0;15206227511640559633
22.22222222222222;12369145734024785687
45.45454545454545;17104391746164814153
50.0;14719439377900808123
30.0;15922655854223133733
9.090909090909092;15251890499727082697
22.22222222222222;14418130078360575227
25.0;10254995054887137551
50.0;12078251233982448293
40.0;16276263022807214237
18.181818181818183;9494854670858852039
36.36363636363637;15290832512882563829
30.0;16621720342682854181
20.0;17851803030739409423
25.0;14501452137650142277
50.0;13967604586784300197
0.0;11050278915844331063
0.0;18221204108093733883
0.0;17698697411820913801
25.0;16460308648345859333
25.0;17863770607172930501
25.0;17798596906690100113
30.0;9513966012146833669
20.0;13011760694980038253
45.45454545454545;17804396096783353139
27.272727272727273;14958255076373262037
9.090909090909092;11777562279140167907
42.857142857142854;12088475611322161151
36.36363636363637;13291560269739941801
54.54545454545455;14839928959932006817
36.36363636363637;17361642181176826823
36.36363636363637;13489984624644071623
33.333333333333336;16636741304724854861
27.272727272727273;9226604891778383189
33.333333333333336;15241568420905520207
11.11111111111111;12566968489821374899
0.0;16434167404119016337
11.11111111111111;18139003561922857477
27.272727272727273;18136885699260880177
36.36363636363637;17718992327795821571
18.181818181818183;14657417763529416011
41.666666666666664;12878460280552459037
11.11111111111111;12099295407797457803
25.0;16363883131470679003
27.272727272727273;17454860965649010509
83.33333333333333;12712282716383134477
30.0;12238319605195794389
30.76923076923077;13587972337367360347
22.22222222222222;12926124915467867953
18.181818181818183;14294498023820734703
45.45454545454545;16372621025851801133
27.272727272727273;10131131953885632229
33.333333333333336;12706636213105046713
36.36363636363637;16055177971275659947
27.272727272727273;16305897590540043149
60.0;15150313159446983563
27.272727272727273;16709331894060686039
41.666666666666664;13126387341125440049
25.0;9993751786870618889
50.0;11528393716534081159
50.0;12055235002844041979
44.44444444444444;14660684238434991391
55.55555555555556;16831256422220716669
0.0;13741305760553988791
18.181818181818183;11050367564554799519
41.666666666666664;17615095728049324633
33.333333333333336;16421624989027325297
27.272727272727273;11942144195997107509
45.45454545454545;12291301801432866259
41.666666666666664;9312726090338310947
50.0;9870901716549976009
44.44444444444444;11018975127718007509
41.666666666666664;15365801338532663281
58.333333333333336;11634762414761860607
0.0;15634919354568122933
12.5;12373408379934801757
20.0;12120226367573173757
22.22222222222222;14063100811927874653
41.666666666666664;11279656489008172351
45.45454545454545;16094908892343759529
36.36363636363637;16008171545857877917
18.181818181818183;16415994718207185977
41.666666666666664;14661917551683108269
16.666666666666668;14016757166462499181
45.45454545454545;10015603786136510869
9.090909090909092;13265435667255107827
12.5;10443167695174908871
50.0;13018752839740955929
10.0;10742542243165508063
41.666666666666664;16269026808749355989
50.0;11143234210213767731
9.090909090909092;14116806475658210741
27.272727272727273;16867244012190833347
33.333333333333336;10950493522018666729
18.181818181818183;17114988115415548583
55.55555555555556;9534713446540707119
30.0;9644322518328540113
54.54545454545455;9725550986882747923
50.0;15974331155547969103
22.22222222222222;16201937656066664861
30.0;13407767142372261881
45.45454545454545;11940238039302233537
12.5;10555702843388474899
25.0;12354775430397642469
9.090909090909092;14460467668247994881
12.5;15043020971366382079
25.0;13994737909999282927
44.44444444444444;16339374003490382827
9.090909090909092;12970441900364045281
54.54545454545455;10002972821077393301
25.0;11236211237100731191
16.666666666666668;12012999963685695167
40.0;15499168229336664773
20.0;10332348817932904793
69.23076923076923;16724791151832236899
20.0;17968917337659970783
11.11111111111111;16374626952108266957
66.66666666666667;17772938646778871719
45.45454545454545;11156146193298952337
12.5;15950578031763442811
12.5;17376474624139609543
54.54545454545455;14269683938942662103
50.0;10632593681267476517
50.0;14030701890550549031
9.090909090909092;11353579601689063819
20.0;13271500278697432259
46.15384615384615;13626794839300830193
25.0;17118704406333052573
33.333333333333336;18104115124812742301
44.44444444444444;14466790905957117391
20.0;15193479176511367411
58.333333333333336;15284578758518565659
10.0;18285792263748004279
0.0;18363827422716860743
40.0;17405153384518747621
0.0;13687971378649592537
40.0;15799432205249320211
45.45454545454545;16031521545884416961
33.333333333333336;12301275779437610299
36.36363636363637;17754517695321098477
45.45454545454545;12359233799943399779
40.0;17497244343632420701
36.36363636363637;15607494941997278987
27.272727272727273;10977201293112826661
8.333333333333334;14900670233190236123
60.0;9902700325771177427
50.0;17476941323357971159
33.333333333333336;12238143614052412817
33.333333333333336;15117766064084917307
45.45454545454545;16044161226251738029
33.333333333333336;9476550884892346217
36.36363636363637;17532662372018594621
80.0;13889620738571502607
45.45454545454545;11849211746593475909
30.0;10950826706385438553
33.333333333333336;9786344945048827399
10.0;11901301663745607931
41.666666666666664;17500908886572585847
18.181818181818183;17786727759831314891
22.22222222222222;14560851968835071483
50.0;15624562655242932043
54.54545454545455;10611179951789006939
36.36363636363637;15602316206952480959
10.0;13364291428767568127
8.333333333333334;13484674301207452961
9.090909090909092;15832341797407522669
0.0;9677574434128566817
45.45454545454545;11798396749229918369
11.11111111111111;12610396528171348657
33.333333333333336;14195043172860653713
36.36363636363637;12664062907990921879
50.0;10537454098620566959
27.272727272727273;13048302295934248873
50.0;15979933619334920437
14.285714285714286;15208589131756208063
0.0;10132172967642170491
55.55555555555556;16736897994683932487
23.076923076923077;10109260928523981881
50.0;16832638528611895991
50.0;12664822653934800539
45.45454545454545;15323938618814991173
8.333333333333334;14036746177669645669
33.333333333333336;10867540002521294357
30.0;15251749184526910927
20.0;9584583215734149613
41.666666666666664;11965793915550130121
8.333333333333334;14525716958662141657
23.076923076923077;13023788026694527451
27.272727272727273;11251969889536069271
10.0;14285090722440626519
18.181818181818183;9737460971469370781
10.0;11714020457205226271
40.0;14777657532210376249
36.36363636363637;15425341448805243983
30.0;9681872708468425571
50.0;13003829024700178367
8.333333333333334;16915810875756696823
25.0;13285384160684793137
40.0;13735446331929911989
33.333333333333336;13360736719422102739
20.0;17563561446231566273
20.0;12929911694305516997
54.54545454545455;15981782234121983899
18.181818181818183;12974835184812547199
22.22222222222222;14448123035833249993
16.666666666666668;17540817117218564809
0.0;15785702208325090903
36.36363636363637;17266310046158549639
60.0;9497939947192962019
58.333333333333336;11864495225438458591
0.0;12414986259795639901
36.36363636363637;14513940534380040883
30.0;16561720046226547513
55.55555555555556;17442409982249191417
45.45454545454545;15910779448371639137
72.72727272727273;15094185930509565037
50.0;12120513439691289803
40.0;17274179023806180613
36.36363636363637;14606353044274857097
33.333333333333336;10441639071026856397
30.0;14425485080188723223
50.0;17108738551700670397
37.5;9307119622279361219
11.11111111111111;15920693219535112223
60.0;12199977079768098539
10.0;17598229550586591479
18.181818181818183;13872494721373490999
41.666666666666664;13911215688220042259
33.333333333333336;17944305948752266481
27.272727272727273;15920598463067598697
28.571428571428573;16877187952283632711
50.0;15953666031457307579
22.22222222222222;16001576298126299857
12.5;13467707551987536521
36.36363636363637;16414463900502855211
10.0;13866342250129339561
23.076923076923077;13391425346829864863
10.0;17237211197121541319
28.571428571428573;16452114676145109883
10.0;16407666907547691883
25.0;16558370621051508037
30.0;18408432613825253917
30.76923076923077;16245594689474195609
50.0;16369981416066349153
8.333333333333334;9812366122035329981
55.55555555555556;9695162768669879723
14.285714285714286;14647324308979943599
16.666666666666668;14099768012110931963
63.63636363636363;12266176314438333481
30.0;17649393849881437321
36.36363636363637;14596277780688104047
72.72727272727273;13106978182454321329
10.0;17528403011373598937
11.11111111111111;14701356033781887629
33.333333333333336;15985644537007481629
66.66666666666667;11343943781640227203
27.272727272727273;11460241127417990351
10.0;10467407917333584557
50.0;13180137355869886211
22.22222222222222;17635382866737364657
9.090909090909092;11137326021541414411
45.45454545454545;10956911162998756061
10.0;14732636926968737801
0.0;18049389304701669433
33.333333333333336;16523969725103678261
27.272727272727273;11878229706627736099
40.0;14786631519214950383
25.0;14627337615737764711
77.77777777777777;12458054213398271393
20.0;11303106069344507263
20.0;17489400374980009979
45.45454545454545;16968574892840028287
18.181818181818183;18204065098358547263
10.0;12369361147373053997
41.666666666666664;15772689854208486191
0.0;15978509165255281501
50.0;10273144846106241167
28.571428571428573;10439408356115113357
10.0;12631902642530797933
45.45454545454545;14229064108252774657
18.181818181818183;14571871369819585183
40.0;17244012261489546293
30.0;11265637806297285017
20.0;12478262714894108017
14.285714285714286;10961740132291691597
25.0;15312737501858055113
0.0;13255057192466329879
27.272727272727273;13889382668199277801
50.0;13297251388310407619
33.333333333333336;16220118616253757371
11.11111111111111;14975054433318846571
27.272727272727273;12836314593623506217
25.0;18375921398421365033
20.0;17396353072323353333
8.333333333333334;15016305329872773853
69.23076923076923;18348359653531430819
9.090909090909092;11641993491582274721
33.333333333333336;9622908219095173201
30.0;15127437542000890661
41.666666666666664;13431249110072884003
40.0;13847546624070767681
25.0;9937480994345425439
27.272727272727273;13835561828466815417
20.0;12968062534366408771
33.333333333333336;10693743992333241767
33.333333333333336;14198880708196905629
9.090909090909092;12558248799864828803
50.0;15858517413088010929
22.22222222222222;14500391018028725011
50.0;9750415048626755299
10.0;11270823148179541027
50.0;10309238620405586513
11.11111111111111;13848179363777681513
40.0;11266295952855866239
55.55555555555556;17251443776296749209
30.76923076923077;11504045056709932477
0.0;10486309360682296501
10.0;10701418628280685849
44.44444444444444;16961780663618572319
25.0;11319809973391189667
0.0;16269559850661649229
11.11111111111111;13776883158698062399
25.0;14223640095703967063
9.090909090909092;9485790105248492513
40.0;14389938545189581079
9.090909090909092;11521330094637990103
30.0;16737578243855913967
25.0;10240560439484077207
27.272727272727273;18427308012037783741
41.666666666666664;10265666919891776927
30.0;9917911022324359819
40.0;15052848990195733291
0.0;10192660874263589627
38.46153846153846;11170138591137323333
36.36363636363637;12089059074256168769
36.36363636363637;18339928603568863289
0.0;10699529069535743771
16.666666666666668;9640708921948300831
50.0;10386822243460808263
27.272727272727273;11780996291451849247
10.0;10133818527057950129
9.090909090909092;15294069260859997871
20.0;17781948365379235249
14.285714285714286;9758626451447205097
41.666666666666664;11347132819153996651
18.181818181818183;10769328927176312707
27.272727272727273;12048250803382708217
40.0;12825874928463002863
36.36363636363637;15027134557818773569
25.0;13430795231455601677
27.272727272727273;12750955489726638461
36.36363636363637;16152225846189150631
9.090909090909092;11485796193667310323
20.0;13564065605304957811
0.0;15188598067179963689
100.0;13255711501946083069
30.0;9534221406800528899
30.0;10116954247653976363
60.0;17000716017972297641
30.0;9871408721788609361
44.44444444444444;10586499936059519581
37.5;14281858784822087533
41.666666666666664;12738056236338875731
9.090909090909092;15129227898994586633
42.857142857142854;13893464782782686537
18.181818181818183;11648822942895812599
0.0;12268956903339889001
50.0;12201018342801989567
30.0;13689319571570150909
27.272727272727273;10101140182326643531
45.45454545454545;10158319444329155201
44.44444444444444;15804829760930729683
27.272727272727273;15492186920342503951
33.333333333333336;13169635817097830929
15.384615384615385;14291529584822591327
55.55555555555556;9370279598994607079
18.181818181818183;12906435592658076473
45.45454545454545;12932612680487031881
27.272727272727273;14725165111747318213
22.22222222222222;17795987372248554433
9.090909090909092;13526271321754454191
0.0;10519065976092714793
58.333333333333336;16710145901648429941
54.54545454545455;11628175298845190347
30.0;13324385857779433163
12.5;14851828744822880333
0.0;12483958048899712447
33.333333333333336;13495435169172287831
16.666666666666668;10923907214798779897
30.0;17201183712209684609
0.0;17712634398926392781
50.0;13399374171115091053
9.090909090909092;14684479536562333249
41.666666666666664;17625503536133970277
18.181818181818183;13602828419579884997
27.272727272727273;14601135631211229101
37.5;10132212651483608611
9.090909090909092;10445638616275405943
85.71428571428571;12778879754718120971
16.666666666666668;16135602120075931609
18.181818181818183;13343019575706127369
40.0;12040813305459261217
60.0;9781377271241458459
20.0;10333845657895322243
12.5;16838071897673481251
63.63636363636363;16743461519366557303
9.090909090909092;9920547685076173903
10.0;9791257155467504627
100.0;15664036730849710429
36.36363636363637;12050438916890805499
9.090909090909092;10333416324320763077
11.11111111111111;9554539111724445863
9.090909090909092;14412116277765933271
44.44444444444444;14949071501847008269
38.46153846153846;15672562394664305887
41.666666666666664;10567799255190134521
11.11111111111111;15458802812071045093
60.0;11185151166368479249
18.181818181818183;12139280290079203907
40.0;11286300548588760503
50.0;13053160981945351453
60.0;13022506568134751291
45.45454545454545;17634929402014727717
27.272727272727273;12458531863761761761
20.0;14717546901650123731
22.22222222222222;15493970877226942883
30.0;13692496289093413427
11.11111111111111;14895245384011823573
18.181818181818183;15016026552704511017
63.63636363636363;18043630849191530633
25.0;9268543285759874243
55.55555555555556;16095142311372683101
16.666666666666668;16738740153960755813
9.090909090909092;15338729976773322923
28.571428571428573;11784613974776520569
33.333333333333336;12726034908303137153
37.5;10461383183979705347
23.076923076923077;16234230474633240743
10.0;11178768969231825161
22.22222222222222;13322466272747335999
22.22222222222222;18128068519115068867
10.0;17754765148756239259
10.0;9344053525892554727
30.0;13218533831542854823
41.666666666666664;18195838988101028669
25.0;15735822406440511819
45.45454545454545;11649039707667568133
18.181818181818183;15978570535018888801
0.0;11882652591045559013
41.666666666666664;13885295983152979841
11.11111111111111;16590871660829755777
8.333333333333334;15776322354485530879
50.0;10967487795381411407
50.0;14413152227617833913
40.0;12736442698918058129
33.333333333333336;14944073846486657359
45.45454545454545;10229266914817345151
30.0;16982446185241045679
25.0;16579874516788547869
36.36363636363637;12135365174642505253
72.72727272727273;13217440390850976559
10.0;15968775339747409807
27.272727272727273;14651413771622791391
40.0;9675883156020532889
25.0;14289312322681644793
12.5;16363288891410113941
16.666666666666668;15831990254566458419
33.333333333333336;16427649771749324851
33.333333333333336;16828083379618782871
18.181818181818183;9548657173328399891
25.0;11722102096258311217
40.0;9853792163711758453
30.0;10367359343776824899
18.181818181818183;11547154581039021019
0.0;15131130083978209957
40.0;9429974824105181639
9.090909090909092;16862396811733732121
40.0;18336481959772588189
16.666666666666668;14262885267142612423
20.0;17928574600152136069
55.55555555555556;9413721316990555193
27.272727272727273;16779145703119914683
25.0;14165162557981429807
54.54545454545455;17434178804021131423
8.333333333333334;14462577033535704721
10.0;15615037306482688883
40.0;13666696115468580229
61.53846153846154;15329867946489942719
27.272727272727273;12870503679869842439
37.5;12481050835649296723
27.272727272727273;10302918977713012799
44.44444444444444;10977521409836493163
11.11111111111111;11330635972961484251
18.181818181818183;9281555316321913543
45.45454545454545;14114705229818853883
50.0;14385008007218482919
20.0;17904870428707553513
44.44444444444444;11399975850190195643
30.0;18223280183511563473
0.0;14710219403637749261
40.0;13313504326682827307
33.333333333333336;16179177971115196249
8.333333333333334;12863128541483485613
18.181818181818183;9681332808920593069
30.0;11332887017987818123
42.857142857142854;15346585572650200679
30.0;17415510565174974781
16.666666666666668;15308885575195132121
20.0;12384927899315072741
30.0;14686999206967501147
25.0;11292069323242492901
50.0;14087589839493106751
30.0;10573022035485760013
27.272727272727273;14213507560867469651
10.0;10311351329825241341
50.0;13993562167207178027
41.666666666666664;13147243042437089609
9.090909090909092;10910789756813275393
25.0;13244459296153130047
12.5;10970986919351552221
70.0;9527662045593115847
63.63636363636363;18097823061048751927
30.0;14228668740908133587
0.0;10488679814488299533
27.272727272727273;17757809417043517763
16.666666666666668;11366043833936098739
45.45454545454545;18217802808739874299
75.0;9353559303159704603
54.54545454545455;17528672225710579447
25.0;10325397046960071169
22.22222222222222;15349898150087829047
33.333333333333336;10546227644336559001
50.0;13443408039963389837
16.666666666666668;14954318975323374991
37.5;13590813510807606427
30.0;14933120068171202671
41.666666666666664;11106566111209426877
44.44444444444444;9982301149591075373
18.181818181818183;11514401199020401861
36.36363636363637;14369329305143203067
10.0;14721656680836082891
20.0;16239716951418833903
30.0;12487772265502316869
30.0;12816452371749608159
20.0;16939584095251469549
33.333333333333336;14297379839766319613
22.22222222222222;10621843843673651791
40.0;13871217069664913279
38.46153846153846;11932941498702079151
63.63636363636363;14303378710791607387
20.0;11210280922811221037
30.0;15222599680637842393
28.571428571428573;17252593716398131303
46.15384615384615;14590846404020374547
12.5;13871711532476818003
9.090909090909092;11292748704927374413
11.11111111111111;10553118005054377891
22.22222222222222;15428113401228741601
18.181818181818183;17580001527948479857
46.15384615384615;12197313701589986551
9.090909090909092;14534224461460642727
0.0;12025944893032110757
33.333333333333336;17803946714199402971
50.0;9554841785236917833
14.285714285714286;13633005718479569999
63.63636363636363;13859824393390955249
18.181818181818183;17434003399708974587
27.272727272727273;11077456421948006921
12.5;12470208059584836971
11.11111111111111;14935780351733713621
16.666666666666668;13238961853428336841
33.333333333333336;15886662669258456683
63.63636363636363;17981580912929831531
70.0;12288638335513007857
18.181818181818183;15813385082339262511
18.181818181818183;15253325083448879333
9.090909090909092;18015115584345879739
76.92307692307692;16262062311431987119
54.54545454545455;16738935982794041377
40.0;10123597092524884187
9.090909090909092;10334668380322060699
18.181818181818183;11937407765678082533
18.181818181818183;18111649331838036323
36.36363636363637;11123817615045375341
44.44444444444444;17004495028631901881
30.0;12842062831795895447
40.0;9349125698862025261
16.666666666666668;16571817342513173101
25.0;16524105467390738881
27.272727272727273;18315122595709309157
30.0;9785451076579174939
23.076923076923077;10975727531565458663
27.272727272727273;17249952270325545493
33.333333333333336;13013657485014689627
0.0;14769130425287871109
20.0;15765790869066809407
12.5;13025769666201306761
0.0;13971350599805902517
36.36363636363637;14067762607059784751
12.5;13259256186188168341
30.0;17169760531842140333
0.0;17119154751811048219
40.0;15989731929332180219
30.0;14169840538899458473
36.36363636363637;11106135403959195521
45.45454545454545;12135082682285751931
20.0;14394933176481925679
30.0;12173416547380372463
20.0;16273733929944071759
10.0;15249609526505579227
8.333333333333334;17528590122023775101
0.0;17269456609510746307
25.0;17145840308309908771
45.45454545454545;18314680552461186193
30.0;15614491052944222421
30.0;15193418435873094943
44.44444444444444;18246484473277214417
36.36363636363637;17510432258512270589
20.0;18031531505648449219
50.0;16580773894810550371
40.0;15572244972758520329
33.333333333333336;9467760985970078719
10.0;14929335123667147903
9.090909090909092;15947287057331035207
33.333333333333336;9587813725979440109
0.0;10302625626236181631
40.0;16590250533866237149
0.0;9479203435145130769
14.285714285714286;13440872369173639667
18.181818181818183;14869480718882834753
36.36363636363637;17901923226738693809
20.0;14639475518063890597
0.0;9382152759820679053
45.45454545454545;10314445337532299921
50.0;11632691943084734857
50.0;14050136924066095759
22.22222222222222;12962334145794319397
44.44444444444444;14980243777756243291
8.333333333333334;11284260517642871981
60.0;18324238027674278939
0.0;14257890051617360501
27.272727272727273;17258467713674105341
40.0;11405834017702809173
41.666666666666664;17278905292183791481
50.0;16730632463701567507
54.54545454545455;9597830056621868903
10.0;11428640956167275161
7.6923076923076925;15291817079253486197
45.45454545454545;10833084180759239083
11.11111111111111;10545781758614842819
25.0;16454534143329950093
45.45454545454545;14574886662440003267
11.11111111111111;17272753367826661403
33.333333333333336;11622060841492585177
16.666666666666668;9963394655364894493
44.44444444444444;9474323088428426161
66.66666666666667;18259952219400929087
33.333333333333336;13791302595298645771
11.11111111111111;12583017090674699699
66.66666666666667;10210806102105755161
27.272727272727273;9331923221310778661
18.181818181818183;9916171633792083719
66.66666666666667;9670052034561528937
9.090909090909092;11341783042609487777
45.45454545454545;15073496673988288267
28.571428571428573;14165831689766583133
14.285714285714286;15998832122112699203
54.54545454545455;9794468659439640511
18.181818181818183;14092978479704868089
54.54545454545455;16031084996281876673
36.36363636363637;15697262111531346959
36.36363636363637;9733684897576239653
16.666666666666668;10386361401722234777
20.0;16928406056454679133
46.15384615384615;16859564562434835569
14.285714285714286;15889554551504813549
58.333333333333336;10365330265068996583
30.0;13858636663685829679
80.0;11788700209297244227
45.45454545454545;17206155294535847747
25.0;10418781341601687347
40.0;9511914472024343719
30.76923076923077;12450610250857991549
22.22222222222222;11926895260287406621
18.181818181818183;9285679378735470083
25.0;16638377590172969243
27.272727272727273;11514288245360914891
27.272727272727273;11840273442631269787
0.0;15507591003090637579
16.666666666666668;17654338310509688771
20.0;10258956387313385333
33.333333333333336;10777226950005362533
50.0;12691249547935133243
16.666666666666668;14135220926981592769
12.5;14027656090618183567
22.22222222222222;16285266912127637029
40.0;16578175516356046193
30.0;17313514416556196893
8.333333333333334;10357684394925247291
72.72727272727273;13000554224020511737
45.45454545454545;9331416801222570667
20.0;13936407283311338689
60.0;16482657625278609671
66.66666666666667;12043765072447920659
18.181818181818183;16158367155612312173
18.181818181818183;17463709958936907541
11.11111111111111;15727101018685515293
36.36363636363637;16159912233602461903
33.333333333333336;15594762101968655981
25.0;14490595226822923601
27.272727272727273;16720392486705732137
33.333333333333336;16220226286913298467
36.36363636363637;9385716958912643731
40.0;14595053163231509083
36.36363636363637;15780256075999433009
57.142857142857146;9649368559944903301
44.44444444444444;17380497477695356577
44.44444444444444;10119258743129429863
63.63636363636363;13012100664607566761
50.0;17418732263424994559
30.0;10381747613787245023
27.272727272727273;12832496898471270871
40.0;9400860975149570951
18.181818181818183;12373190964340519051
40.0;11214819521619288439
45.45454545454545;9936765790336724249
72.72727272727273;17760097325128335013
0.0;16199182209089745487
40.0;10230274469965896581
45.45454545454545;15242955241784256331
30.0;14218726708723250057
36.36363636363637;11877410301557894783
27.272727272727273;15736226946505029409
27.272727272727273;12180381250829441921
10.0;12537113489844832019
45.45454545454545;16776794345296495997
36.36363636363637;14432238993836485607
36.36363636363637;13366556861627345863
58.333333333333336;15402171773529810671
44.44444444444444;16524873039426717989
50.0;13419206449601054161
36.36363636363637;18005847246683910781
0.0;16847834097705052249
50.0;10768073073022066537
66.66666666666667;16918682474323748779
22.22222222222222;10752612457425160853
33.333333333333336;17325801030881404889
41.666666666666664;13468479033938532937
14.285714285714286;16739073862761925177
36.36363636363637;15039197130116316343
60.0;12905882915248520591
25.0;14272291511055725671
41.666666666666664;16105165109352534863
60.0;12703523441534525689
36.36363636363637;13779173935888899277
25.0;15339682893774957359
36.36363636363637;10168865080347993277
16.666666666666668;12667524922427090633
38.46153846153846;11674745661598014007
25.0;12000434217782457079
44.44444444444444;15921989866379501999
9.090909090909092;14206336184872553321
14.285714285714286;13066682604550289327
41.666666666666664;16525814096342706713
11.11111111111111;11372375593994957863
30.0;11738829515559235913
62.5;16774515101648240647
14.285714285714286;12531316880605641179
12.5;10331223220212934379
18.181818181818183;10289644529764683599
15.384615384615385;18040446672070406681
63.63636363636363;10037227913954182387
60.0;13620099601557820537
55.55555555555556;10190526707261005799
60.0;14433843616978837669
16.666666666666668;15705857909796030269
72.72727272727273;14303895165111672101
25.0;11002750568430854759
80.0;10833450997995252227
33.333333333333336;11217698397827076427
27.272727272727273;17228887838300917027
33.333333333333336;11042866480237857563
41.666666666666664;11172786822707794567
58.333333333333336;14935516569786223109
33.333333333333336;16923624276031473041
36.36363636363637;17332181476799390231
33.333333333333336;15413832714333061621
33.333333333333336;15792920596247567177
33.333333333333336;12527427722968825307
55.55555555555556;17718339948546056387
18.181818181818183;10973331256253494459
0.0;13713697010921849731
22.22222222222222;12299929636083568343
25.0;14114598765240028673
27.272727272727273;14606210644063037473
37.5;14550294975725235059
50.0;9676144326664546867
41.666666666666664;13993456174088793973
14.285714285714286;15850936547898900169
30.0;13735816436547988031
30.0;13933867970555698621
0.0;18075875693398276393
80.0;15540200152674498683
25.0;17090561975542234117
38.46153846153846;16506319965104811659
25.0;11613860585738711513
40.0;9575402416694820661
9.090909090909092;13602091183596194341
36.36363636363637;18382240796185941611
27.272727272727273;13191913026486886061
0.0;13526485461638925619
10.0;18310539242985317329
22.22222222222222;13827792108884008207
20.0;12748122557318838931
50.0;16133585597517025679
0.0;10560966746106831413
30.0;18186296709166725089
10.0;12390680338222267027
33.333333333333336;10674785641799474731
0.0;15761757850286093057
50.0;10537888790731628269
9.090909090909092;13010067043164195749
11.11111111111111;17265154183568228347
33.333333333333336;18335875673376407677
42.857142857142854;14978213320395246263
23.076923076923077;14898956115651702931
16.666666666666668;16956542599994727761
25.0;15228791647050806479
37.5;13134852179230358701
44.44444444444444;11906977019945382311
10.0;16206899804632468909
9.090909090909092;14730437969906888557
22.22222222222222;13417474285912711589
45.45454545454545;14910916593998025707
54.54545454545455;9281167347832111549
55.55555555555556;17089467691130505397
0.0;12003661843957056571
18.181818181818183;9609139349846270893
55.55555555555556;11444757422657596351
14.285714285714286;10514393144035688981
100.0;11081771156425333349
87.5;16659505280283753917
12.5;10268141603696902837
18.181818181818183;18040335432727364773
20.0;12234570118580527049
10.0;11859037865071518427
18.181818181818183;9942442709658634423
37.5;16869256139856604079
50.0;12007038578715652319
22.22222222222222;12442689019399803427
36.36363636363637;11466264413824365071
30.0;10223073717217582259
0.0;12854781420073061671
40.0;11994830047619185853
38.46153846153846;17651110316463941221
33.333333333333336;16790816981825562107
20.0;16385214140664511033
27.272727272727273;13549416837885599519
23.076923076923077;10075655006256657343
20.0;15185495064293836727
20.0;18208187655920763323
50.0;17254281902211585743
63.63636363636363;13400814141830297719
10.0;17098403301039036089
9.090909090909092;16907930214670948597
25.0;10868679028586537863
27.272727272727273;16380190035036867227
69.23076923076923;10346776222400059087
0.0;17986857094726340773
41.666666666666664;14530106939433540373
27.272727272727273;16319483381760299981
61.53846153846154;12762484634365028561
12.5;17885578042140682187
37.5;13334245505586855653
30.0;18247004283927057239
42.857142857142854;12429155949734670667
18.181818181818183;14086582006709143667
10.0;13762062428682685823
33.333333333333336;10826018934407324513
54.54545454545455;12463686542863262141
18.181818181818183;10972276103547930023
36.36363636363637;14935182787168878373
30.0;13158162029479412563
50.0;12075682539448065287
50.0;9727516860682400603
20.0;10947820647371475839
50.0;12315746780511270487
11.11111111111111;15665664972579572123
46.15384615384615;11459321881163497337
25.0;15532003183716314447
16.666666666666668;14061516574798300187
50.0;9755112696039036083
25.0;17055871234774313933
23.076923076923077;16518539315907045419
10.0;11052663831466441517
28.571428571428573;9455985924465482657
41.666666666666664;14389357636386528899
20.0;15843834253490921621
16.666666666666668;17776112653953879871
20.0;10376189142411996269
9.090909090909092;16776798685074147107
57.142857142857146;10759924425824032271
45.45454545454545;13588534140436489079
20.0;15399807304094871947
30.0;16208512515796328011
22.22222222222222;9695344325678310587
36.36363636363637;12468310346408275529
8.333333333333334;9237424094728547771
30.0;18116754519940119529
30.0;10113006283783140259
44.44444444444444;14623025476664196349
41.666666666666664;16027427441498199863
20.0;9921613583896500313
9.090909090909092;12000351881922512359
11.11111111111111;16414216590293781209
10.0;17528849074333356523
33.333333333333336;10882542471622531009
40.0;18167670457134293567
54.54545454545455;9815203004916486061
36.36363636363637;18373908301526441999
14.285714285714286;9539459649848296781
20.0;16477120309062936713
18.181818181818183;10815249812969632633
25.0;14153207049723243001
33.333333333333336;15085078569920032253
44.44444444444444;17334568965474531269
44.44444444444444;14878078744983356999
23.076923076923077;12032537178250401629
16.666666666666668;15630762564261329503
16.666666666666668;15801731864249645159
33.333333333333336;17480422696751833213
30.0;11850905811917152417
9.090909090909092;9647346348741731659
27.272727272727273;11930706253728254441
16.666666666666668;13689128634350993641
46.15384615384615;10164065256514698101
45.45454545454545;13490797178335653133
9.090909090909092;9624042089926663757
20.0;13998915974246864483
30.0;11564028131166764621
44.44444444444444;17232209051799103949
63.63636363636363;16038082595031489131
30.0;13736009115876728951
16.666666666666668;12198592965405009571
45.45454545454545;9235699081713302311
45.45454545454545;17970114389155775519
9.090909090909092;12984132749455344011
16.666666666666668;14379489982885775521
40.0;15321806731428664781
45.45454545454545;14780017981611476131
41.666666666666664;17051388252260179897
16.666666666666668;15204225334160934233
10.0;18068120386382435617
37.5;9644495095405656391
20.0;17924135857292952887
40.0;12499453808302404679
20.0;16235143230493231123
33.333333333333336;11285208476580405979
18.181818181818183;12759129712937024411
50.0;11261000613811030601
50.0;13838011249718821433
36.36363636363637;15571848640431661939
27.272727272727273;10708506425972551241
36.36363636363637;9975868158048415237
27.272727272727273;17886779078743711061
0.0;15974228963455823059
36.36363636363637;14487743900500807843
41.666666666666664;10257137290460676853
16.666666666666668;13028325439158005341
25.0;15458592884008011869
66.66666666666667;16504930158158582453
0.0;13363328312260557613
27.272727272727273;10890134056297129757
54.54545454545455;9506848005366055859
63.63636363636363;11930760537290188543
33.333333333333336;14098139329964249827
55.55555555555556;11478039863601128459
25.0;17283832226879490343
36.36363636363637;11504908526015344501
0.0;11195591086911239759
50.0;14848851115942333957
30.0;12444632021202053117
44.44444444444444;9700782244597587551
25.0;13059364652183046959
10.0;11873935728567984277
66.66666666666667;13779343146076618349
20.0;12088054472218379437
30.0;14510917317620137087
46.15384615384615;15903684499364915467
16.666666666666668;17942306651591938367
10.0;11248890828751418681
36.36363636363637;15106829663012067179
50.0;17141606009992967681
25.0;15192333087170054339
16.666666666666668;12622072609414175861
36.36363636363637;12099682384518407009
22.22222222222222;16650416484063686339
36.36363636363637;12874526127067283771
22.22222222222222;11450175689516953703
37.5;13153498139255877283
16.666666666666668;12108885900933793787
30.0;16731682446236441009
11.11111111111111;16862532465240408187
25.0;12012709887761590457
9.090909090909092;15016117142259835531
25.0;12385071944015207819
63.63636363636363;15963101439858697277
36.36363636363637;14575791040627350659
9.090909090909092;11433334560771751333
30.0;11074083047740885723
20.0;17273981316823369217
62.5;16530457901635337749
22.22222222222222;17670594310521170783
50.0;15783650446551082301
33.333333333333336;11681765776813657859
55.55555555555556;12084901795134572069
9.090909090909092;18112022289034225841
36.36363636363637;15411591720304433189
27.272727272727273;12522647314828777043
30.0;15278015938898449141
16.666666666666668;15266030260166783833
27.272727272727273;17123087439788538499
45.45454545454545;12720933406544316817
36.36363636363637;12429542977382988767
36.36363636363637;17937111772014895079
30.0;11731971163277396279
40.0;10503325251672443857
27.272727272727273;9452042179907484617
33.333333333333336;11090446732714427347
45.45454545454545;16054295673690504073
45.45454545454545;14633907895282579193
50.0;14081738164306050583
33.333333333333336;18060589091317220533
36.36363636363637;10057793386738590091
18.181818181818183;16420945932974329807
33.333333333333336;10239173172862565033
33.333333333333336;10751997256547152843
25.0;10021204295605252159
11.11111111111111;16838144639918150993
36.36363636363637;13323085068998477593
20.0;16689992515288269673
10.0;10368169401574895723
0.0;10208905506692709637
58.333333333333336;14411764087249295047
44.44444444444444;11304309763522627069
8.333333333333334;12997711040345478341
33.333333333333336;11108097546151505707
40.0;9374654339468061031
10.0;13669872455328372989
30.0;13589976298301011937
11.11111111111111;15779167993789822619
42.857142857142854;17639796761700675479
36.36363636363637;11687764350504388649
0.0;13631150275071438437
45.45454545454545;16730356345129303823
27.272727272727273;9791543789986101889
45.45454545454545;11799114051244933019
0.0;13473152907651127423
54.54545454545455;13311598754947527913
20.0;15643830445459625371
11.11111111111111;18041306429980537799
50.0;11390757475133596717
33.333333333333336;16432971532613918213
62.5;12966900693595170779
0.0;11498697621271977707
30.0;17255005327025343239
33.333333333333336;17676240242963616877
16.666666666666668;16307755274013304229
0.0;16207650454951245863
33.333333333333336;9584100667182109489
18.181818181818183;10764927674966230343
71.42857142857143;10998299467357297019
25.0;15272288072613304307
63.63636363636363;10804067729878890521
0.0;15960378036460492651
12.5;17860012010836376441
50.0;16769769501874411081
11.11111111111111;9437662889417590669
33.333333333333336;11852077843219881497
44.44444444444444;12997460787077946929
60.0;15929643154067900591
33.333333333333336;12900510968989736119
10.0;14699667216469228291
10.0;15993140216579390537
30.76923076923077;12775791003101452363
36.36363636363637;13866277615650475727
27.272727272727273;13708867490008634423
27.272727272727273;16968825111589393439
14.285714285714286;12170633336106898553
36.36363636363637;13235072650376326973
45.45454545454545;18050539768639549277
41.666666666666664;17195290061248519657
33.333333333333336;17147614372150389599
10.0;15057630838851607249
45.45454545454545;11713217651786184467
0.0;17746757910133602071
22.22222222222222;12596603665537523641
28.571428571428573;9979318656246932009
45.45454545454545;14428018902121098509
27.272727272727273;13569859601839231909
40.0;14993640129657979093
33.333333333333336;15638432104398861607
61.53846153846154;9237151738921026521
40.0;11056962063427067899
36.36363636363637;18210212657619746629
20.0;10203864395633406593
41.666666666666664;17796166766632750537
30.0;11995171057605601799
11.11111111111111;13158598111826386451
27.272727272727273;11780867035430303981
18.181818181818183;11317396772803203253
54.54545454545455;16086929051036945869
33.333333333333336;11341120823322224491
10.0;12805175675310997919
50.0;11389630228860391927
11.11111111111111;13034659748706131729
18.181818181818183;10677267366281595797
44.44444444444444;17754640139654314261
63.63636363636363;17003771134030806809
22.22222222222222;16629611614712231183
41.666666666666664;17837539508013946327
50.0;11602436422459591171
36.36363636363637;16019095214652179863
20.0;11798156369853266513
44.44444444444444;15544219116794583211
18.181818181818183;12356760788081841757
11.11111111111111;11764399508523427331
10.0;14656251745327338829
25.0;14383233334537000343
16.666666666666668;16543189402093094941
72.72727272727273;12914209795850827921
27.272727272727273;11768174724800823103
10.0;9739884924093374093
16.666666666666668;16224073218435529459
40.0;9357697048653334789
11.11111111111111;12430047458029258609
20.0;15365656605534439367
27.272727272727273;12634384415621221559
0.0;13679137192113389849
55.55555555555556;16914166163940898999
40.0;10374371015654772019
18.181818181818183;12832274172104387339
66.66666666666667;17017777300755019667
33.333333333333336;16660085779206616231
12.5;16082712090146466049
10.0;14940119544571721713
14.285714285714286;12778470570167959273
45.45454545454545;17037252574398272941
46.15384615384615;12939188235316175711
30.0;14620980038620627201
30.0;16981754679620029133
60.0;9809682928154315033
44.44444444444444;16833441393297477763
41.666666666666664;15475980230750837363
9.090909090909092;13044688333712458777
41.666666666666664;14904227205530066791
27.272727272727273;15815611411906430639
25.0;16817068282528049491
27.272727272727273;9486672228775803473
36.36363636363637;10308336943818149617
33.333333333333336;16592756865497206967
28.571428571428573;14477450960843438677
20.0;18054246108756663977
8.333333333333334;12363440106812451541
23.076923076923077;11225997417723335347
11.11111111111111;12739197314908316099
33.333333333333336;16341786204019761803
0.0;14639915030311932953
41.666666666666664;14678661782055076909
54.54545454545455;10857829029100991989
41.666666666666664;11309903997902566703
0.0;11995543308763944557
18.181818181818183;11016969880466174083
66.66666666666667;18002850243137311579
10.0;13349361916746138967
33.333333333333336;11408315827596514721
0.0;17287389546222779209
16.666666666666668;11946081917913803707
0.0;17665945668769524677
20.0;9722956148156832857
33.333333333333336;17492282426087510693
10.0;12645779732615851291
12.5;15445046194292143703
54.54545454545455;13257046003476574693
44.44444444444444;14635592871616656943
50.0;14391815435137439969
30.0;14147061173231154229
45.45454545454545;10018874385722046797
9.090909090909092;17012714971271552447
27.272727272727273;9734703002876304529
0.0;17677224161740069847
16.666666666666668;13890094374475366373
33.333333333333336;15778132827361582283
50.0;11140196405580464141
18.181818181818183;10556360568146374151
27.272727272727273;9732180904315706761
50.0;14276299245374486423
45.45454545454545;13815468586604179753
30.0;13178173519515218881
27.272727272727273;17469382085517361079
27.272727272727273;15545712984863949863
11.11111111111111;17290976723227709269
16.666666666666668;13698279391162849541
40.0;18365787989568763531
25.0;12835385081249486113
23.076923076923077;10610705200255622251
18.181818181818183;16027980505674246559
71.42857142857143;17460702127924879253
30.0;13134844974882862169
27.272727272727273;11003748316867613267
23.076923076923077;15435477802358826599
87.5;11112146276974306657
70.0;15991523546064955459
16.666666666666668;16235719106200185643
54.54545454545455;15462251964612584707
30.0;12358402856966000663
44.44444444444444;13152327885783807887
10.0;13749075352111051633
0.0;14172006866713740631
50.0;13358823696175779007
54.54545454545455;11682445334884177247
11.11111111111111;12376742413818502747
25.0;17549249391514091683
60.0;11042212597744694173
27.272727272727273;10791381382248379109
27.272727272727273;17938706340728565551
63.63636363636363;13174682015390945347
18.181818181818183;13428977448125532479
44.44444444444444;15626473674452911981
44.44444444444444;13231565902264612733
10.0;16138678055788872019
12.5;11883976798961441939
12.5;10199644232679047143
12.5;17414691031929428971
25.0;17494294797314727911
9.090909090909092;16561494189575837071
0.0;9248515185659192491
0.0;12843589130073035683
27.272727272727273;13383865097447215487
25.0;9462956335452314281
12.5;17637105003414111311
25.0;9765441609475209239
50.0;16323033090147791773
11.11111111111111;10120692345259151507
20.0;16548513934154124071
10.0;15196385260961290213
50.0;14257503367686590929
77.77777777777777;13441288307564344783
11.11111111111111;10546076044203483401
12.5;14047536949750569301
10.0;18157137671791452787
38.46153846153846;18428471289369243161
11.11111111111111;18235439162899357187
14.285714285714286;18111930843077741627
25.0;17062866031182757571
41.666666666666664;13113805953563638847
55.55555555555556;9383929232869228447
0.0;14474187314808147977
33.333333333333336;14942518504343924183
33.333333333333336;10452313624408908563
27.272727272727273;15511371860895776077
75.0;13534325242802851951
8.333333333333334;10313981572120028531
45.45454545454545;18032173621222165459
9.090909090909092;15887597239013142667
33.333333333333336;12331685930280709409
0.0;12147842935729432223
10.0;12863167973032000213
14.285714285714286;13566837132858246733
54.54545454545455;15378269364198157471
63.63636363636363;15173744905656300949
25.0;17364208546467788771
16.666666666666668;16263483777817675957
50.0;10396104471081687847
25.0;9527652804279061561
16.666666666666668;10711404555953785027
20.0;14278732954566770689
36.36363636363637;16289992096196936357
20.0;16702238475245206649
10.0;16242603126847109081
33.333333333333336;15361428067257667919
11.11111111111111;15312929175176415911
50.0;9483554356160492261
40.0;13237475656652863571
0.0;11970188726702172691
63.63636363636363;16468448071340501311
18.181818181818183;15108200562883418267
0.0;17209383970080200713
30.0;16152238183137974321
50.0;9815638404003411949
20.0;15152485094964667873
18.181818181818183;15456791862942430277
0.0;14436406907218066361
0.0;15553196121560066059
0.0;10082375257887338117
9.090909090909092;10525341894640607869
30.0;10125285085298042819
37.5;18149871322059456299
20.0;11843073516562969427
